NOM;ANNREF;FRANCE;FRDOM;REGION;DEP;N306;N306_MOD;N306_LIB;N027;N027_MOD;N027_LIB;VALEUR;QUALITE
SAANR_FOURRAGE_2;2002;FR;DOM;NR01;971;Cultures développées;3;Fourrages annuels, prairies non permanentes et STH;Groupe d'indicateurs;050.07;Superficie concernée;21813;OUI
SAANR_FOURRAGE_2;2002;FR;DOM;NR01;971;Cultures développées;3.11;Fourrages annuels;Groupe d'indicateurs;050.07;Superficie concernée;0;OUI
SAANR_FOURRAGE_2;2002;FR;DOM;NR01;971;Cultures développées;3.11.1;Maïs fourrage et ensilage (plante entière);Groupe d'indicateurs;050.07;Superficie concernée;0;OUI
SAANR_FOURRAGE_2;2002;FR;DOM;NR01;971;Cultures développées;3.11.1.12;Maïs fourrage et ensilage (plante entière) non irrigué;Groupe d'indicateurs;050.07;Superficie concernée;0;OUI
SAANR_FOURRAGE_2;2002;FR;DOM;NR01;971;Cultures développées;3.11.9;Autres fourrages annuels, n.c.a.;Groupe d'indicateurs;050.07;Superficie concernée;0;OUI
SAANR_FOURRAGE_2;2002;FR;DOM;NR01;971;Cultures développées;3.12;Prairies non permanentes et STH;Groupe d'indicateurs;050.07;Superficie concernée;21813;OUI
SAANR_FOURRAGE_2;2002;FR;DOM;NR01;971;Cultures développées;3.12.1;Prairies non permanentes;Groupe d'indicateurs;050.07;Superficie concernée;0;OUI
SAANR_FOURRAGE_2;2002;FR;DOM;NR01;971;Cultures développées;3.12.1.11;Prairie artificielle (luzerne, trèfle violet, ...);Groupe d'indicateurs;050.07;Superficie concernée;0;OUI
SAANR_FOURRAGE_2;2002;FR;DOM;NR01;971;Cultures développées;3.12.1.11.2;Autres prairies artificielles;Groupe d'indicateurs;050.07;Superficie concernée;0;OUI
SAANR_FOURRAGE_2;2002;FR;DOM;NR01;971;Cultures développées;3.12.1.12;Prairies temporaires;Groupe d'indicateurs;050.07;Superficie concernée;0;OUI
SAANR_FOURRAGE_2;2002;FR;DOM;NR01;971;Cultures développées;3.12.2;Superficie toujours en herbe (STH);Groupe d'indicateurs;050.07;Superficie concernée;21813;OUI
SAANR_FOURRAGE_2;2002;FR;DOM;NR01;971;Cultures développées;3.12.2.11;Prairies naturelles ou semées depuis plus de 6 ans;Groupe d'indicateurs;050.07;Superficie concernée;12923;OUI
SAANR_FOURRAGE_2;2002;FR;DOM;NR01;971;Cultures développées;3.12.2.12;STH (Superficies toujours en herbe) peu productives (pâturages pauvres);Groupe d'indicateurs;050.07;Superficie concernée;8890;OUI
SAANR_FOURRAGE_2;2002;FR;DOM;NR02;972;Cultures développées;3;Fourrages annuels, prairies non permanentes et STH;Groupe d'indicateurs;050.07;Superficie concernée;17791;OUI
SAANR_FOURRAGE_2;2002;FR;DOM;NR02;972;Cultures développées;3.11;Fourrages annuels;Groupe d'indicateurs;050.07;Superficie concernée;0;OUI
SAANR_FOURRAGE_2;2002;FR;DOM;NR02;972;Cultures développées;3.11.1;Maïs fourrage et ensilage (plante entière);Groupe d'indicateurs;050.07;Superficie concernée;0;OUI
SAANR_FOURRAGE_2;2002;FR;DOM;NR02;972;Cultures développées;3.11.1.12;Maïs fourrage et ensilage (plante entière) non irrigué;Groupe d'indicateurs;050.07;Superficie concernée;0;OUI
SAANR_FOURRAGE_2;2002;FR;DOM;NR02;972;Cultures développées;3.11.9;Autres fourrages annuels, n.c.a.;Groupe d'indicateurs;050.07;Superficie concernée;0;OUI
SAANR_FOURRAGE_2;2002;FR;DOM;NR02;972;Cultures développées;3.12;Prairies non permanentes et STH;Groupe d'indicateurs;050.07;Superficie concernée;17791;OUI
SAANR_FOURRAGE_2;2002;FR;DOM;NR02;972;Cultures développées;3.12.1;Prairies non permanentes;Groupe d'indicateurs;050.07;Superficie concernée;156;OUI
SAANR_FOURRAGE_2;2002;FR;DOM;NR02;972;Cultures développées;3.12.1.11;Prairie artificielle (luzerne, trèfle violet, ...);Groupe d'indicateurs;050.07;Superficie concernée;0;OUI
SAANR_FOURRAGE_2;2002;FR;DOM;NR02;972;Cultures développées;3.12.1.11.2;Autres prairies artificielles;Groupe d'indicateurs;050.07;Superficie concernée;0;OUI
SAANR_FOURRAGE_2;2002;FR;DOM;NR02;972;Cultures développées;3.12.1.12;Prairies temporaires;Groupe d'indicateurs;050.07;Superficie concernée;156;OUI
SAANR_FOURRAGE_2;2002;FR;DOM;NR02;972;Cultures développées;3.12.2;Superficie toujours en herbe (STH);Groupe d'indicateurs;050.07;Superficie concernée;17635;OUI
SAANR_FOURRAGE_2;2002;FR;DOM;NR02;972;Cultures développées;3.12.2.11;Prairies naturelles ou semées depuis plus de 6 ans;Groupe d'indicateurs;050.07;Superficie concernée;13444;OUI
SAANR_FOURRAGE_2;2002;FR;DOM;NR02;972;Cultures développées;3.12.2.12;STH (Superficies toujours en herbe) peu productives (pâturages pauvres);Groupe d'indicateurs;050.07;Superficie concernée;4191;OUI
SAANR_FOURRAGE_2;2002;FR;DOM;NR03;973;Cultures développées;3;Fourrages annuels, prairies non permanentes et STH;Groupe d'indicateurs;050.07;Superficie concernée;22;OUI
SAANR_FOURRAGE_2;2002;FR;DOM;NR03;973;Cultures développées;3.11;Fourrages annuels;Groupe d'indicateurs;050.07;Superficie concernée;22;OUI
SAANR_FOURRAGE_2;2002;FR;DOM;NR03;973;Cultures développées;3.11.1;Maïs fourrage et ensilage (plante entière);Groupe d'indicateurs;050.07;Superficie concernée;3;OUI
SAANR_FOURRAGE_2;2002;FR;DOM;NR03;973;Cultures développées;3.11.1.12;Maïs fourrage et ensilage (plante entière) non irrigué;Groupe d'indicateurs;050.07;Superficie concernée;3;OUI
SAANR_FOURRAGE_2;2002;FR;DOM;NR03;973;Cultures développées;3.11.9;Autres fourrages annuels, n.c.a.;Groupe d'indicateurs;050.07;Superficie concernée;19;OUI
SAANR_FOURRAGE_2;2002;FR;DOM;NR04;974;Cultures développées;3;Fourrages annuels, prairies non permanentes et STH;Groupe d'indicateurs;050.07;Superficie concernée;10947;OUI
SAANR_FOURRAGE_2;2002;FR;DOM;NR04;974;Cultures développées;3.11;Fourrages annuels;Groupe d'indicateurs;050.07;Superficie concernée;363;OUI
SAANR_FOURRAGE_2;2002;FR;DOM;NR04;974;Cultures développées;3.11.1;Maïs fourrage et ensilage (plante entière);Groupe d'indicateurs;050.07;Superficie concernée;363;OUI
SAANR_FOURRAGE_2;2002;FR;DOM;NR04;974;Cultures développées;3.11.1.12;Maïs fourrage et ensilage (plante entière) non irrigué;Groupe d'indicateurs;050.07;Superficie concernée;363;OUI
SAANR_FOURRAGE_2;2002;FR;DOM;NR04;974;Cultures développées;3.11.9;Autres fourrages annuels, n.c.a.;Groupe d'indicateurs;050.07;Superficie concernée;0;OUI
SAANR_FOURRAGE_2;2002;FR;DOM;NR04;974;Cultures développées;3.12;Prairies non permanentes et STH;Groupe d'indicateurs;050.07;Superficie concernée;10584;OUI
SAANR_FOURRAGE_2;2002;FR;DOM;NR04;974;Cultures développées;3.12.1;Prairies non permanentes;Groupe d'indicateurs;050.07;Superficie concernée;1207;OUI
SAANR_FOURRAGE_2;2002;FR;DOM;NR04;974;Cultures développées;3.12.1.11;Prairie artificielle (luzerne, trèfle violet, ...);Groupe d'indicateurs;050.07;Superficie concernée;0;OUI
SAANR_FOURRAGE_2;2002;FR;DOM;NR04;974;Cultures développées;3.12.1.11.2;Autres prairies artificielles;Groupe d'indicateurs;050.07;Superficie concernée;0;OUI
SAANR_FOURRAGE_2;2002;FR;DOM;NR04;974;Cultures développées;3.12.1.12;Prairies temporaires;Groupe d'indicateurs;050.07;Superficie concernée;1207;OUI
SAANR_FOURRAGE_2;2002;FR;DOM;NR04;974;Cultures développées;3.12.2;Superficie toujours en herbe (STH);Groupe d'indicateurs;050.07;Superficie concernée;9377;OUI
SAANR_FOURRAGE_2;2002;FR;DOM;NR04;974;Cultures développées;3.12.2.11;Prairies naturelles ou semées depuis plus de 6 ans;Groupe d'indicateurs;050.07;Superficie concernée;7511;OUI
SAANR_FOURRAGE_2;2002;FR;DOM;NR04;974;Cultures développées;3.12.2.12;STH (Superficies toujours en herbe) peu productives (pâturages pauvres);Groupe d'indicateurs;050.07;Superficie concernée;1866;OUI
SAANR_FOURRAGE_2;2002;FR;METRO;NR11;77;Cultures développées;3;Fourrages annuels, prairies non permanentes et STH;Groupe d'indicateurs;020.08;Production séche (volume);1561023;OUI
SAANR_FOURRAGE_2;2002;FR;METRO;NR11;78;Cultures développées;3;Fourrages annuels, prairies non permanentes et STH;Groupe d'indicateurs;020.08;Production séche (volume);763118;OUI
SAANR_FOURRAGE_2;2002;FR;METRO;NR11;91;Cultures développées;3;Fourrages annuels, prairies non permanentes et STH;Groupe d'indicateurs;020.08;Production séche (volume);180206;OUI
SAANR_FOURRAGE_2;2002;FR;METRO;NR11;92;Cultures développées;3;Fourrages annuels, prairies non permanentes et STH;Groupe d'indicateurs;020.08;Production séche (volume);20;OUI
SAANR_FOURRAGE_2;2002;FR;METRO;NR11;93;Cultures développées;3;Fourrages annuels, prairies non permanentes et STH;Groupe d'indicateurs;020.08;Production séche (volume);1610;OUI
SAANR_FOURRAGE_2;2002;FR;METRO;NR11;94;Cultures développées;3;Fourrages annuels, prairies non permanentes et STH;Groupe d'indicateurs;020.08;Production séche (volume);110;OUI
SAANR_FOURRAGE_2;2002;FR;METRO;NR11;95;Cultures développées;3;Fourrages annuels, prairies non permanentes et STH;Groupe d'indicateurs;020.08;Production séche (volume);350199;OUI
SAANR_FOURRAGE_2;2002;FR;METRO;NR11;77;Cultures développées;3;Fourrages annuels, prairies non permanentes et STH;Groupe d'indicateurs;050.07;Superficie concernée;26412;OUI
SAANR_FOURRAGE_2;2002;FR;METRO;NR11;78;Cultures développées;3;Fourrages annuels, prairies non permanentes et STH;Groupe d'indicateurs;050.07;Superficie concernée;11087;OUI
SAANR_FOURRAGE_2;2002;FR;METRO;NR11;91;Cultures développées;3;Fourrages annuels, prairies non permanentes et STH;Groupe d'indicateurs;050.07;Superficie concernée;2757;OUI
SAANR_FOURRAGE_2;2002;FR;METRO;NR11;92;Cultures développées;3;Fourrages annuels, prairies non permanentes et STH;Groupe d'indicateurs;050.07;Superficie concernée;6;OUI
SAANR_FOURRAGE_2;2002;FR;METRO;NR11;93;Cultures développées;3;Fourrages annuels, prairies non permanentes et STH;Groupe d'indicateurs;050.07;Superficie concernée;58;OUI
SAANR_FOURRAGE_2;2002;FR;METRO;NR11;94;Cultures développées;3;Fourrages annuels, prairies non permanentes et STH;Groupe d'indicateurs;050.07;Superficie concernée;46;OUI
SAANR_FOURRAGE_2;2002;FR;METRO;NR11;95;Cultures développées;3;Fourrages annuels, prairies non permanentes et STH;Groupe d'indicateurs;050.07;Superficie concernée;4462;OUI
SAANR_FOURRAGE_2;2002;FR;METRO;NR11;77;Cultures développées;3;Fourrages annuels, prairies non permanentes et STH;Groupe d'indicateurs;070.02;Rendement matière sèche;;OUI
SAANR_FOURRAGE_2;2002;FR;METRO;NR11;78;Cultures développées;3;Fourrages annuels, prairies non permanentes et STH;Groupe d'indicateurs;070.02;Rendement matière sèche;;OUI
SAANR_FOURRAGE_2;2002;FR;METRO;NR11;91;Cultures développées;3;Fourrages annuels, prairies non permanentes et STH;Groupe d'indicateurs;070.02;Rendement matière sèche;;OUI
SAANR_FOURRAGE_2;2002;FR;METRO;NR11;92;Cultures développées;3;Fourrages annuels, prairies non permanentes et STH;Groupe d'indicateurs;070.02;Rendement matière sèche;;OUI
SAANR_FOURRAGE_2;2002;FR;METRO;NR11;93;Cultures développées;3;Fourrages annuels, prairies non permanentes et STH;Groupe d'indicateurs;070.02;Rendement matière sèche;;OUI
SAANR_FOURRAGE_2;2002;FR;METRO;NR11;94;Cultures développées;3;Fourrages annuels, prairies non permanentes et STH;Groupe d'indicateurs;070.02;Rendement matière sèche;;OUI
SAANR_FOURRAGE_2;2002;FR;METRO;NR11;95;Cultures développées;3;Fourrages annuels, prairies non permanentes et STH;Groupe d'indicateurs;070.02;Rendement matière sèche;;OUI
SAANR_FOURRAGE_2;2002;FR;METRO;NR11;77;Cultures développées;3.11;Fourrages annuels;Groupe d'indicateurs;020.08;Production séche (volume);123625;OUI
SAANR_FOURRAGE_2;2002;FR;METRO;NR11;78;Cultures développées;3.11;Fourrages annuels;Groupe d'indicateurs;020.08;Production séche (volume);47125;OUI
SAANR_FOURRAGE_2;2002;FR;METRO;NR11;91;Cultures développées;3.11;Fourrages annuels;Groupe d'indicateurs;020.08;Production séche (volume);14940;OUI
SAANR_FOURRAGE_2;2002;FR;METRO;NR11;92;Cultures développées;3.11;Fourrages annuels;Groupe d'indicateurs;020.08;Production séche (volume);0;OUI
SAANR_FOURRAGE_2;2002;FR;METRO;NR11;93;Cultures développées;3.11;Fourrages annuels;Groupe d'indicateurs;020.08;Production séche (volume);1610;OUI
SAANR_FOURRAGE_2;2002;FR;METRO;NR11;94;Cultures développées;3.11;Fourrages annuels;Groupe d'indicateurs;020.08;Production séche (volume);0;OUI
SAANR_FOURRAGE_2;2002;FR;METRO;NR11;95;Cultures développées;3.11;Fourrages annuels;Groupe d'indicateurs;020.08;Production séche (volume);27950;OUI
SAANR_FOURRAGE_2;2002;FR;METRO;NR11;77;Cultures développées;3.11;Fourrages annuels;Groupe d'indicateurs;050.07;Superficie concernée;979;OUI
SAANR_FOURRAGE_2;2002;FR;METRO;NR11;78;Cultures développées;3.11;Fourrages annuels;Groupe d'indicateurs;050.07;Superficie concernée;377;OUI
SAANR_FOURRAGE_2;2002;FR;METRO;NR11;91;Cultures développées;3.11;Fourrages annuels;Groupe d'indicateurs;050.07;Superficie concernée;126;OUI
SAANR_FOURRAGE_2;2002;FR;METRO;NR11;92;Cultures développées;3.11;Fourrages annuels;Groupe d'indicateurs;050.07;Superficie concernée;0;OUI
SAANR_FOURRAGE_2;2002;FR;METRO;NR11;93;Cultures développées;3.11;Fourrages annuels;Groupe d'indicateurs;050.07;Superficie concernée;14;OUI
SAANR_FOURRAGE_2;2002;FR;METRO;NR11;94;Cultures développées;3.11;Fourrages annuels;Groupe d'indicateurs;050.07;Superficie concernée;0;OUI
SAANR_FOURRAGE_2;2002;FR;METRO;NR11;95;Cultures développées;3.11;Fourrages annuels;Groupe d'indicateurs;050.07;Superficie concernée;215;OUI
SAANR_FOURRAGE_2;2002;FR;METRO;NR11;77;Cultures développées;3.11;Fourrages annuels;Groupe d'indicateurs;070.02;Rendement matière sèche;;OUI
SAANR_FOURRAGE_2;2002;FR;METRO;NR11;78;Cultures développées;3.11;Fourrages annuels;Groupe d'indicateurs;070.02;Rendement matière sèche;;OUI
SAANR_FOURRAGE_2;2002;FR;METRO;NR11;91;Cultures développées;3.11;Fourrages annuels;Groupe d'indicateurs;070.02;Rendement matière sèche;;OUI
SAANR_FOURRAGE_2;2002;FR;METRO;NR11;93;Cultures développées;3.11;Fourrages annuels;Groupe d'indicateurs;070.02;Rendement matière sèche;;OUI
SAANR_FOURRAGE_2;2002;FR;METRO;NR11;95;Cultures développées;3.11;Fourrages annuels;Groupe d'indicateurs;070.02;Rendement matière sèche;;OUI
SAANR_FOURRAGE_2;2002;FR;METRO;NR11;77;Cultures développées;3.11.1;Maïs fourrage et ensilage (plante entière);Groupe d'indicateurs;020.08;Production séche (volume);121420;OUI
SAANR_FOURRAGE_2;2002;FR;METRO;NR11;78;Cultures développées;3.11.1;Maïs fourrage et ensilage (plante entière);Groupe d'indicateurs;020.08;Production séche (volume);47125;OUI
SAANR_FOURRAGE_2;2002;FR;METRO;NR11;91;Cultures développées;3.11.1;Maïs fourrage et ensilage (plante entière);Groupe d'indicateurs;020.08;Production séche (volume);9240;OUI
SAANR_FOURRAGE_2;2002;FR;METRO;NR11;92;Cultures développées;3.11.1;Maïs fourrage et ensilage (plante entière);Groupe d'indicateurs;020.08;Production séche (volume);0;OUI
SAANR_FOURRAGE_2;2002;FR;METRO;NR11;93;Cultures développées;3.11.1;Maïs fourrage et ensilage (plante entière);Groupe d'indicateurs;020.08;Production séche (volume);1610;OUI
SAANR_FOURRAGE_2;2002;FR;METRO;NR11;94;Cultures développées;3.11.1;Maïs fourrage et ensilage (plante entière);Groupe d'indicateurs;020.08;Production séche (volume);0;OUI
SAANR_FOURRAGE_2;2002;FR;METRO;NR11;95;Cultures développées;3.11.1;Maïs fourrage et ensilage (plante entière);Groupe d'indicateurs;020.08;Production séche (volume);27950;OUI
SAANR_FOURRAGE_2;2002;FR;METRO;NR11;77;Cultures développées;3.11.1;Maïs fourrage et ensilage (plante entière);Groupe d'indicateurs;050.07;Superficie concernée;934;OUI
SAANR_FOURRAGE_2;2002;FR;METRO;NR11;78;Cultures développées;3.11.1;Maïs fourrage et ensilage (plante entière);Groupe d'indicateurs;050.07;Superficie concernée;377;OUI
SAANR_FOURRAGE_2;2002;FR;METRO;NR11;91;Cultures développées;3.11.1;Maïs fourrage et ensilage (plante entière);Groupe d'indicateurs;050.07;Superficie concernée;66;OUI
SAANR_FOURRAGE_2;2002;FR;METRO;NR11;92;Cultures développées;3.11.1;Maïs fourrage et ensilage (plante entière);Groupe d'indicateurs;050.07;Superficie concernée;0;OUI
SAANR_FOURRAGE_2;2002;FR;METRO;NR11;93;Cultures développées;3.11.1;Maïs fourrage et ensilage (plante entière);Groupe d'indicateurs;050.07;Superficie concernée;14;OUI
SAANR_FOURRAGE_2;2002;FR;METRO;NR11;94;Cultures développées;3.11.1;Maïs fourrage et ensilage (plante entière);Groupe d'indicateurs;050.07;Superficie concernée;0;OUI
SAANR_FOURRAGE_2;2002;FR;METRO;NR11;95;Cultures développées;3.11.1;Maïs fourrage et ensilage (plante entière);Groupe d'indicateurs;050.07;Superficie concernée;215;OUI
SAANR_FOURRAGE_2;2002;FR;METRO;NR11;77;Cultures développées;3.11.1;Maïs fourrage et ensilage (plante entière);Groupe d'indicateurs;070.02;Rendement matière sèche;130;OUI
SAANR_FOURRAGE_2;2002;FR;METRO;NR11;78;Cultures développées;3.11.1;Maïs fourrage et ensilage (plante entière);Groupe d'indicateurs;070.02;Rendement matière sèche;125;OUI
SAANR_FOURRAGE_2;2002;FR;METRO;NR11;91;Cultures développées;3.11.1;Maïs fourrage et ensilage (plante entière);Groupe d'indicateurs;070.02;Rendement matière sèche;140;OUI
SAANR_FOURRAGE_2;2002;FR;METRO;NR11;93;Cultures développées;3.11.1;Maïs fourrage et ensilage (plante entière);Groupe d'indicateurs;070.02;Rendement matière sèche;115;OUI
SAANR_FOURRAGE_2;2002;FR;METRO;NR11;95;Cultures développées;3.11.1;Maïs fourrage et ensilage (plante entière);Groupe d'indicateurs;070.02;Rendement matière sèche;130;OUI
SAANR_FOURRAGE_2;2002;FR;METRO;NR11;77;Cultures développées;3.11.1.12;Maïs fourrage et ensilage (plante entière) non irrigué;Groupe d'indicateurs;020.08;Production séche (volume);121420;OUI
SAANR_FOURRAGE_2;2002;FR;METRO;NR11;78;Cultures développées;3.11.1.12;Maïs fourrage et ensilage (plante entière) non irrigué;Groupe d'indicateurs;020.08;Production séche (volume);47125;OUI
SAANR_FOURRAGE_2;2002;FR;METRO;NR11;91;Cultures développées;3.11.1.12;Maïs fourrage et ensilage (plante entière) non irrigué;Groupe d'indicateurs;020.08;Production séche (volume);9240;OUI
SAANR_FOURRAGE_2;2002;FR;METRO;NR11;92;Cultures développées;3.11.1.12;Maïs fourrage et ensilage (plante entière) non irrigué;Groupe d'indicateurs;020.08;Production séche (volume);0;OUI
SAANR_FOURRAGE_2;2002;FR;METRO;NR11;93;Cultures développées;3.11.1.12;Maïs fourrage et ensilage (plante entière) non irrigué;Groupe d'indicateurs;020.08;Production séche (volume);1610;OUI
SAANR_FOURRAGE_2;2002;FR;METRO;NR11;94;Cultures développées;3.11.1.12;Maïs fourrage et ensilage (plante entière) non irrigué;Groupe d'indicateurs;020.08;Production séche (volume);0;OUI
SAANR_FOURRAGE_2;2002;FR;METRO;NR11;95;Cultures développées;3.11.1.12;Maïs fourrage et ensilage (plante entière) non irrigué;Groupe d'indicateurs;020.08;Production séche (volume);27950;OUI
SAANR_FOURRAGE_2;2002;FR;METRO;NR11;77;Cultures développées;3.11.1.12;Maïs fourrage et ensilage (plante entière) non irrigué;Groupe d'indicateurs;050.07;Superficie concernée;934;OUI
SAANR_FOURRAGE_2;2002;FR;METRO;NR11;78;Cultures développées;3.11.1.12;Maïs fourrage et ensilage (plante entière) non irrigué;Groupe d'indicateurs;050.07;Superficie concernée;377;OUI
SAANR_FOURRAGE_2;2002;FR;METRO;NR11;91;Cultures développées;3.11.1.12;Maïs fourrage et ensilage (plante entière) non irrigué;Groupe d'indicateurs;050.07;Superficie concernée;66;OUI
SAANR_FOURRAGE_2;2002;FR;METRO;NR11;92;Cultures développées;3.11.1.12;Maïs fourrage et ensilage (plante entière) non irrigué;Groupe d'indicateurs;050.07;Superficie concernée;0;OUI
SAANR_FOURRAGE_2;2002;FR;METRO;NR11;93;Cultures développées;3.11.1.12;Maïs fourrage et ensilage (plante entière) non irrigué;Groupe d'indicateurs;050.07;Superficie concernée;14;OUI
SAANR_FOURRAGE_2;2002;FR;METRO;NR11;94;Cultures développées;3.11.1.12;Maïs fourrage et ensilage (plante entière) non irrigué;Groupe d'indicateurs;050.07;Superficie concernée;0;OUI
SAANR_FOURRAGE_2;2002;FR;METRO;NR11;95;Cultures développées;3.11.1.12;Maïs fourrage et ensilage (plante entière) non irrigué;Groupe d'indicateurs;050.07;Superficie concernée;215;OUI
SAANR_FOURRAGE_2;2002;FR;METRO;NR11;77;Cultures développées;3.11.1.12;Maïs fourrage et ensilage (plante entière) non irrigué;Groupe d'indicateurs;070.02;Rendement matière sèche;130;OUI
SAANR_FOURRAGE_2;2002;FR;METRO;NR11;78;Cultures développées;3.11.1.12;Maïs fourrage et ensilage (plante entière) non irrigué;Groupe d'indicateurs;070.02;Rendement matière sèche;125;OUI
SAANR_FOURRAGE_2;2002;FR;METRO;NR11;91;Cultures développées;3.11.1.12;Maïs fourrage et ensilage (plante entière) non irrigué;Groupe d'indicateurs;070.02;Rendement matière sèche;140;OUI
SAANR_FOURRAGE_2;2002;FR;METRO;NR11;93;Cultures développées;3.11.1.12;Maïs fourrage et ensilage (plante entière) non irrigué;Groupe d'indicateurs;070.02;Rendement matière sèche;115;OUI
SAANR_FOURRAGE_2;2002;FR;METRO;NR11;95;Cultures développées;3.11.1.12;Maïs fourrage et ensilage (plante entière) non irrigué;Groupe d'indicateurs;070.02;Rendement matière sèche;130;OUI
SAANR_FOURRAGE_2;2002;FR;METRO;NR11;77;Cultures développées;3.11.9;Autres fourrages annuels, n.c.a.;Groupe d'indicateurs;020.08;Production séche (volume);2205;OUI
SAANR_FOURRAGE_2;2002;FR;METRO;NR11;78;Cultures développées;3.11.9;Autres fourrages annuels, n.c.a.;Groupe d'indicateurs;020.08;Production séche (volume);0;OUI
SAANR_FOURRAGE_2;2002;FR;METRO;NR11;91;Cultures développées;3.11.9;Autres fourrages annuels, n.c.a.;Groupe d'indicateurs;020.08;Production séche (volume);5700;OUI
SAANR_FOURRAGE_2;2002;FR;METRO;NR11;92;Cultures développées;3.11.9;Autres fourrages annuels, n.c.a.;Groupe d'indicateurs;020.08;Production séche (volume);0;OUI
SAANR_FOURRAGE_2;2002;FR;METRO;NR11;93;Cultures développées;3.11.9;Autres fourrages annuels, n.c.a.;Groupe d'indicateurs;020.08;Production séche (volume);0;OUI
SAANR_FOURRAGE_2;2002;FR;METRO;NR11;94;Cultures développées;3.11.9;Autres fourrages annuels, n.c.a.;Groupe d'indicateurs;020.08;Production séche (volume);0;OUI
SAANR_FOURRAGE_2;2002;FR;METRO;NR11;95;Cultures développées;3.11.9;Autres fourrages annuels, n.c.a.;Groupe d'indicateurs;020.08;Production séche (volume);0;OUI
SAANR_FOURRAGE_2;2002;FR;METRO;NR11;77;Cultures développées;3.11.9;Autres fourrages annuels, n.c.a.;Groupe d'indicateurs;050.07;Superficie concernée;45;OUI
SAANR_FOURRAGE_2;2002;FR;METRO;NR11;78;Cultures développées;3.11.9;Autres fourrages annuels, n.c.a.;Groupe d'indicateurs;050.07;Superficie concernée;0;OUI
SAANR_FOURRAGE_2;2002;FR;METRO;NR11;91;Cultures développées;3.11.9;Autres fourrages annuels, n.c.a.;Groupe d'indicateurs;050.07;Superficie concernée;60;OUI
SAANR_FOURRAGE_2;2002;FR;METRO;NR11;92;Cultures développées;3.11.9;Autres fourrages annuels, n.c.a.;Groupe d'indicateurs;050.07;Superficie concernée;0;OUI
SAANR_FOURRAGE_2;2002;FR;METRO;NR11;93;Cultures développées;3.11.9;Autres fourrages annuels, n.c.a.;Groupe d'indicateurs;050.07;Superficie concernée;0;OUI
SAANR_FOURRAGE_2;2002;FR;METRO;NR11;94;Cultures développées;3.11.9;Autres fourrages annuels, n.c.a.;Groupe d'indicateurs;050.07;Superficie concernée;0;OUI
SAANR_FOURRAGE_2;2002;FR;METRO;NR11;95;Cultures développées;3.11.9;Autres fourrages annuels, n.c.a.;Groupe d'indicateurs;050.07;Superficie concernée;0;OUI
SAANR_FOURRAGE_2;2002;FR;METRO;NR11;77;Cultures développées;3.12;Prairies non permanentes et STH;Groupe d'indicateurs;020.08;Production séche (volume);1437398;OUI
SAANR_FOURRAGE_2;2002;FR;METRO;NR11;78;Cultures développées;3.12;Prairies non permanentes et STH;Groupe d'indicateurs;020.08;Production séche (volume);715993;OUI
SAANR_FOURRAGE_2;2002;FR;METRO;NR11;91;Cultures développées;3.12;Prairies non permanentes et STH;Groupe d'indicateurs;020.08;Production séche (volume);165266;OUI
SAANR_FOURRAGE_2;2002;FR;METRO;NR11;92;Cultures développées;3.12;Prairies non permanentes et STH;Groupe d'indicateurs;020.08;Production séche (volume);20;OUI
SAANR_FOURRAGE_2;2002;FR;METRO;NR11;93;Cultures développées;3.12;Prairies non permanentes et STH;Groupe d'indicateurs;020.08;Production séche (volume);0;OUI
SAANR_FOURRAGE_2;2002;FR;METRO;NR11;94;Cultures développées;3.12;Prairies non permanentes et STH;Groupe d'indicateurs;020.08;Production séche (volume);110;OUI
SAANR_FOURRAGE_2;2002;FR;METRO;NR11;95;Cultures développées;3.12;Prairies non permanentes et STH;Groupe d'indicateurs;020.08;Production séche (volume);322249;OUI
SAANR_FOURRAGE_2;2002;FR;METRO;NR11;77;Cultures développées;3.12;Prairies non permanentes et STH;Groupe d'indicateurs;050.07;Superficie concernée;25433;OUI
SAANR_FOURRAGE_2;2002;FR;METRO;NR11;78;Cultures développées;3.12;Prairies non permanentes et STH;Groupe d'indicateurs;050.07;Superficie concernée;10710;OUI
SAANR_FOURRAGE_2;2002;FR;METRO;NR11;91;Cultures développées;3.12;Prairies non permanentes et STH;Groupe d'indicateurs;050.07;Superficie concernée;2631;OUI
SAANR_FOURRAGE_2;2002;FR;METRO;NR11;92;Cultures développées;3.12;Prairies non permanentes et STH;Groupe d'indicateurs;050.07;Superficie concernée;6;OUI
SAANR_FOURRAGE_2;2002;FR;METRO;NR11;93;Cultures développées;3.12;Prairies non permanentes et STH;Groupe d'indicateurs;050.07;Superficie concernée;44;OUI
SAANR_FOURRAGE_2;2002;FR;METRO;NR11;94;Cultures développées;3.12;Prairies non permanentes et STH;Groupe d'indicateurs;050.07;Superficie concernée;46;OUI
SAANR_FOURRAGE_2;2002;FR;METRO;NR11;95;Cultures développées;3.12;Prairies non permanentes et STH;Groupe d'indicateurs;050.07;Superficie concernée;4247;OUI
SAANR_FOURRAGE_2;2002;FR;METRO;NR11;77;Cultures développées;3.12;Prairies non permanentes et STH;Groupe d'indicateurs;070.02;Rendement matière sèche;56.5;OUI
SAANR_FOURRAGE_2;2002;FR;METRO;NR11;78;Cultures développées;3.12;Prairies non permanentes et STH;Groupe d'indicateurs;070.02;Rendement matière sèche;66.9;OUI
SAANR_FOURRAGE_2;2002;FR;METRO;NR11;91;Cultures développées;3.12;Prairies non permanentes et STH;Groupe d'indicateurs;070.02;Rendement matière sèche;62.8;OUI
SAANR_FOURRAGE_2;2002;FR;METRO;NR11;92;Cultures développées;3.12;Prairies non permanentes et STH;Groupe d'indicateurs;070.02;Rendement matière sèche;3.3;OUI
SAANR_FOURRAGE_2;2002;FR;METRO;NR11;93;Cultures développées;3.12;Prairies non permanentes et STH;Groupe d'indicateurs;070.02;Rendement matière sèche;0;OUI
SAANR_FOURRAGE_2;2002;FR;METRO;NR11;94;Cultures développées;3.12;Prairies non permanentes et STH;Groupe d'indicateurs;070.02;Rendement matière sèche;2.4;OUI
SAANR_FOURRAGE_2;2002;FR;METRO;NR11;95;Cultures développées;3.12;Prairies non permanentes et STH;Groupe d'indicateurs;070.02;Rendement matière sèche;75.9;OUI
SAANR_FOURRAGE_2;2002;FR;METRO;NR11;77;Cultures développées;3.12.1;Prairies non permanentes;Groupe d'indicateurs;020.08;Production séche (volume);307982;OUI
SAANR_FOURRAGE_2;2002;FR;METRO;NR11;78;Cultures développées;3.12.1;Prairies non permanentes;Groupe d'indicateurs;020.08;Production séche (volume);54456;OUI
SAANR_FOURRAGE_2;2002;FR;METRO;NR11;91;Cultures développées;3.12.1;Prairies non permanentes;Groupe d'indicateurs;020.08;Production séche (volume);64376;OUI
SAANR_FOURRAGE_2;2002;FR;METRO;NR11;92;Cultures développées;3.12.1;Prairies non permanentes;Groupe d'indicateurs;020.08;Production séche (volume);0;OUI
SAANR_FOURRAGE_2;2002;FR;METRO;NR11;93;Cultures développées;3.12.1;Prairies non permanentes;Groupe d'indicateurs;020.08;Production séche (volume);0;OUI
SAANR_FOURRAGE_2;2002;FR;METRO;NR11;94;Cultures développées;3.12.1;Prairies non permanentes;Groupe d'indicateurs;020.08;Production séche (volume);110;OUI
SAANR_FOURRAGE_2;2002;FR;METRO;NR11;95;Cultures développées;3.12.1;Prairies non permanentes;Groupe d'indicateurs;020.08;Production séche (volume);54595;OUI
SAANR_FOURRAGE_2;2002;FR;METRO;NR11;77;Cultures développées;3.12.1;Prairies non permanentes;Groupe d'indicateurs;050.07;Superficie concernée;3208;OUI
SAANR_FOURRAGE_2;2002;FR;METRO;NR11;78;Cultures développées;3.12.1;Prairies non permanentes;Groupe d'indicateurs;050.07;Superficie concernée;584;OUI
SAANR_FOURRAGE_2;2002;FR;METRO;NR11;91;Cultures développées;3.12.1;Prairies non permanentes;Groupe d'indicateurs;050.07;Superficie concernée;624;OUI
SAANR_FOURRAGE_2;2002;FR;METRO;NR11;92;Cultures développées;3.12.1;Prairies non permanentes;Groupe d'indicateurs;050.07;Superficie concernée;0;OUI
SAANR_FOURRAGE_2;2002;FR;METRO;NR11;93;Cultures développées;3.12.1;Prairies non permanentes;Groupe d'indicateurs;050.07;Superficie concernée;0;OUI
SAANR_FOURRAGE_2;2002;FR;METRO;NR11;94;Cultures développées;3.12.1;Prairies non permanentes;Groupe d'indicateurs;050.07;Superficie concernée;1;OUI
SAANR_FOURRAGE_2;2002;FR;METRO;NR11;95;Cultures développées;3.12.1;Prairies non permanentes;Groupe d'indicateurs;050.07;Superficie concernée;496;OUI
SAANR_FOURRAGE_2;2002;FR;METRO;NR11;77;Cultures développées;3.12.1;Prairies non permanentes;Groupe d'indicateurs;070.02;Rendement matière sèche;96;OUI
SAANR_FOURRAGE_2;2002;FR;METRO;NR11;78;Cultures développées;3.12.1;Prairies non permanentes;Groupe d'indicateurs;070.02;Rendement matière sèche;93.2;OUI
SAANR_FOURRAGE_2;2002;FR;METRO;NR11;91;Cultures développées;3.12.1;Prairies non permanentes;Groupe d'indicateurs;070.02;Rendement matière sèche;103.2;OUI
SAANR_FOURRAGE_2;2002;FR;METRO;NR11;94;Cultures développées;3.12.1;Prairies non permanentes;Groupe d'indicateurs;070.02;Rendement matière sèche;110;OUI
SAANR_FOURRAGE_2;2002;FR;METRO;NR11;95;Cultures développées;3.12.1;Prairies non permanentes;Groupe d'indicateurs;070.02;Rendement matière sèche;110.1;OUI
SAANR_FOURRAGE_2;2002;FR;METRO;NR11;77;Cultures développées;3.12.1.11;Prairie artificielle (luzerne, trèfle violet, ...);Groupe d'indicateurs;020.08;Production séche (volume);222453;OUI
SAANR_FOURRAGE_2;2002;FR;METRO;NR11;78;Cultures développées;3.12.1.11;Prairie artificielle (luzerne, trèfle violet, ...);Groupe d'indicateurs;020.08;Production séche (volume);24300;OUI
SAANR_FOURRAGE_2;2002;FR;METRO;NR11;91;Cultures développées;3.12.1.11;Prairie artificielle (luzerne, trèfle violet, ...);Groupe d'indicateurs;020.08;Production séche (volume);39100;OUI
SAANR_FOURRAGE_2;2002;FR;METRO;NR11;92;Cultures développées;3.12.1.11;Prairie artificielle (luzerne, trèfle violet, ...);Groupe d'indicateurs;020.08;Production séche (volume);0;OUI
SAANR_FOURRAGE_2;2002;FR;METRO;NR11;93;Cultures développées;3.12.1.11;Prairie artificielle (luzerne, trèfle violet, ...);Groupe d'indicateurs;020.08;Production séche (volume);0;OUI
SAANR_FOURRAGE_2;2002;FR;METRO;NR11;94;Cultures développées;3.12.1.11;Prairie artificielle (luzerne, trèfle violet, ...);Groupe d'indicateurs;020.08;Production séche (volume);110;OUI
SAANR_FOURRAGE_2;2002;FR;METRO;NR11;95;Cultures développées;3.12.1.11;Prairie artificielle (luzerne, trèfle violet, ...);Groupe d'indicateurs;020.08;Production séche (volume);20708;OUI
SAANR_FOURRAGE_2;2002;FR;METRO;NR11;77;Cultures développées;3.12.1.11;Prairie artificielle (luzerne, trèfle violet, ...);Groupe d'indicateurs;050.07;Superficie concernée;2247;OUI
SAANR_FOURRAGE_2;2002;FR;METRO;NR11;78;Cultures développées;3.12.1.11;Prairie artificielle (luzerne, trèfle violet, ...);Groupe d'indicateurs;050.07;Superficie concernée;225;OUI
SAANR_FOURRAGE_2;2002;FR;METRO;NR11;91;Cultures développées;3.12.1.11;Prairie artificielle (luzerne, trèfle violet, ...);Groupe d'indicateurs;050.07;Superficie concernée;340;OUI
SAANR_FOURRAGE_2;2002;FR;METRO;NR11;92;Cultures développées;3.12.1.11;Prairie artificielle (luzerne, trèfle violet, ...);Groupe d'indicateurs;050.07;Superficie concernée;0;OUI
SAANR_FOURRAGE_2;2002;FR;METRO;NR11;93;Cultures développées;3.12.1.11;Prairie artificielle (luzerne, trèfle violet, ...);Groupe d'indicateurs;050.07;Superficie concernée;0;OUI
SAANR_FOURRAGE_2;2002;FR;METRO;NR11;94;Cultures développées;3.12.1.11;Prairie artificielle (luzerne, trèfle violet, ...);Groupe d'indicateurs;050.07;Superficie concernée;1;OUI
SAANR_FOURRAGE_2;2002;FR;METRO;NR11;95;Cultures développées;3.12.1.11;Prairie artificielle (luzerne, trèfle violet, ...);Groupe d'indicateurs;050.07;Superficie concernée;167;OUI
SAANR_FOURRAGE_2;2002;FR;METRO;NR11;77;Cultures développées;3.12.1.11;Prairie artificielle (luzerne, trèfle violet, ...);Groupe d'indicateurs;070.02;Rendement matière sèche;99;OUI
SAANR_FOURRAGE_2;2002;FR;METRO;NR11;78;Cultures développées;3.12.1.11;Prairie artificielle (luzerne, trèfle violet, ...);Groupe d'indicateurs;070.02;Rendement matière sèche;108;OUI
SAANR_FOURRAGE_2;2002;FR;METRO;NR11;91;Cultures développées;3.12.1.11;Prairie artificielle (luzerne, trèfle violet, ...);Groupe d'indicateurs;070.02;Rendement matière sèche;115;OUI
SAANR_FOURRAGE_2;2002;FR;METRO;NR11;94;Cultures développées;3.12.1.11;Prairie artificielle (luzerne, trèfle violet, ...);Groupe d'indicateurs;070.02;Rendement matière sèche;110;OUI
SAANR_FOURRAGE_2;2002;FR;METRO;NR11;95;Cultures développées;3.12.1.11;Prairie artificielle (luzerne, trèfle violet, ...);Groupe d'indicateurs;070.02;Rendement matière sèche;124;OUI
SAANR_FOURRAGE_2;2002;FR;METRO;NR11;77;Cultures développées;3.12.1.11.2;Autres prairies artificielles;Groupe d'indicateurs;020.08;Production séche (volume);222453;OUI
SAANR_FOURRAGE_2;2002;FR;METRO;NR11;78;Cultures développées;3.12.1.11.2;Autres prairies artificielles;Groupe d'indicateurs;020.08;Production séche (volume);24300;OUI
SAANR_FOURRAGE_2;2002;FR;METRO;NR11;91;Cultures développées;3.12.1.11.2;Autres prairies artificielles;Groupe d'indicateurs;020.08;Production séche (volume);39100;OUI
SAANR_FOURRAGE_2;2002;FR;METRO;NR11;92;Cultures développées;3.12.1.11.2;Autres prairies artificielles;Groupe d'indicateurs;020.08;Production séche (volume);0;OUI
SAANR_FOURRAGE_2;2002;FR;METRO;NR11;93;Cultures développées;3.12.1.11.2;Autres prairies artificielles;Groupe d'indicateurs;020.08;Production séche (volume);0;OUI
SAANR_FOURRAGE_2;2002;FR;METRO;NR11;94;Cultures développées;3.12.1.11.2;Autres prairies artificielles;Groupe d'indicateurs;020.08;Production séche (volume);110;OUI
SAANR_FOURRAGE_2;2002;FR;METRO;NR11;95;Cultures développées;3.12.1.11.2;Autres prairies artificielles;Groupe d'indicateurs;020.08;Production séche (volume);20708;OUI
SAANR_FOURRAGE_2;2002;FR;METRO;NR11;77;Cultures développées;3.12.1.11.2;Autres prairies artificielles;Groupe d'indicateurs;050.07;Superficie concernée;2247;OUI
SAANR_FOURRAGE_2;2002;FR;METRO;NR11;78;Cultures développées;3.12.1.11.2;Autres prairies artificielles;Groupe d'indicateurs;050.07;Superficie concernée;225;OUI
SAANR_FOURRAGE_2;2002;FR;METRO;NR11;91;Cultures développées;3.12.1.11.2;Autres prairies artificielles;Groupe d'indicateurs;050.07;Superficie concernée;340;OUI
SAANR_FOURRAGE_2;2002;FR;METRO;NR11;92;Cultures développées;3.12.1.11.2;Autres prairies artificielles;Groupe d'indicateurs;050.07;Superficie concernée;0;OUI
SAANR_FOURRAGE_2;2002;FR;METRO;NR11;93;Cultures développées;3.12.1.11.2;Autres prairies artificielles;Groupe d'indicateurs;050.07;Superficie concernée;0;OUI
SAANR_FOURRAGE_2;2002;FR;METRO;NR11;94;Cultures développées;3.12.1.11.2;Autres prairies artificielles;Groupe d'indicateurs;050.07;Superficie concernée;1;OUI
SAANR_FOURRAGE_2;2002;FR;METRO;NR11;95;Cultures développées;3.12.1.11.2;Autres prairies artificielles;Groupe d'indicateurs;050.07;Superficie concernée;167;OUI
SAANR_FOURRAGE_2;2002;FR;METRO;NR11;77;Cultures développées;3.12.1.11.2;Autres prairies artificielles;Groupe d'indicateurs;070.02;Rendement matière sèche;99;OUI
SAANR_FOURRAGE_2;2002;FR;METRO;NR11;78;Cultures développées;3.12.1.11.2;Autres prairies artificielles;Groupe d'indicateurs;070.02;Rendement matière sèche;108;OUI
SAANR_FOURRAGE_2;2002;FR;METRO;NR11;91;Cultures développées;3.12.1.11.2;Autres prairies artificielles;Groupe d'indicateurs;070.02;Rendement matière sèche;115;OUI
SAANR_FOURRAGE_2;2002;FR;METRO;NR11;94;Cultures développées;3.12.1.11.2;Autres prairies artificielles;Groupe d'indicateurs;070.02;Rendement matière sèche;110;OUI
SAANR_FOURRAGE_2;2002;FR;METRO;NR11;95;Cultures développées;3.12.1.11.2;Autres prairies artificielles;Groupe d'indicateurs;070.02;Rendement matière sèche;124;OUI
SAANR_FOURRAGE_2;2002;FR;METRO;NR11;77;Cultures développées;3.12.1.12;Prairies temporaires;Groupe d'indicateurs;020.08;Production séche (volume);85529;OUI
SAANR_FOURRAGE_2;2002;FR;METRO;NR11;78;Cultures développées;3.12.1.12;Prairies temporaires;Groupe d'indicateurs;020.08;Production séche (volume);30156;OUI
SAANR_FOURRAGE_2;2002;FR;METRO;NR11;91;Cultures développées;3.12.1.12;Prairies temporaires;Groupe d'indicateurs;020.08;Production séche (volume);25276;OUI
SAANR_FOURRAGE_2;2002;FR;METRO;NR11;92;Cultures développées;3.12.1.12;Prairies temporaires;Groupe d'indicateurs;020.08;Production séche (volume);0;OUI
SAANR_FOURRAGE_2;2002;FR;METRO;NR11;93;Cultures développées;3.12.1.12;Prairies temporaires;Groupe d'indicateurs;020.08;Production séche (volume);0;OUI
SAANR_FOURRAGE_2;2002;FR;METRO;NR11;94;Cultures développées;3.12.1.12;Prairies temporaires;Groupe d'indicateurs;020.08;Production séche (volume);0;OUI
SAANR_FOURRAGE_2;2002;FR;METRO;NR11;95;Cultures développées;3.12.1.12;Prairies temporaires;Groupe d'indicateurs;020.08;Production séche (volume);33887;OUI
SAANR_FOURRAGE_2;2002;FR;METRO;NR11;77;Cultures développées;3.12.1.12;Prairies temporaires;Groupe d'indicateurs;050.07;Superficie concernée;961;OUI
SAANR_FOURRAGE_2;2002;FR;METRO;NR11;78;Cultures développées;3.12.1.12;Prairies temporaires;Groupe d'indicateurs;050.07;Superficie concernée;359;OUI
SAANR_FOURRAGE_2;2002;FR;METRO;NR11;91;Cultures développées;3.12.1.12;Prairies temporaires;Groupe d'indicateurs;050.07;Superficie concernée;284;OUI
SAANR_FOURRAGE_2;2002;FR;METRO;NR11;92;Cultures développées;3.12.1.12;Prairies temporaires;Groupe d'indicateurs;050.07;Superficie concernée;0;OUI
SAANR_FOURRAGE_2;2002;FR;METRO;NR11;93;Cultures développées;3.12.1.12;Prairies temporaires;Groupe d'indicateurs;050.07;Superficie concernée;0;OUI
SAANR_FOURRAGE_2;2002;FR;METRO;NR11;94;Cultures développées;3.12.1.12;Prairies temporaires;Groupe d'indicateurs;050.07;Superficie concernée;0;OUI
SAANR_FOURRAGE_2;2002;FR;METRO;NR11;95;Cultures développées;3.12.1.12;Prairies temporaires;Groupe d'indicateurs;050.07;Superficie concernée;329;OUI
SAANR_FOURRAGE_2;2002;FR;METRO;NR11;77;Cultures développées;3.12.1.12;Prairies temporaires;Groupe d'indicateurs;070.02;Rendement matière sèche;89;OUI
SAANR_FOURRAGE_2;2002;FR;METRO;NR11;78;Cultures développées;3.12.1.12;Prairies temporaires;Groupe d'indicateurs;070.02;Rendement matière sèche;84;OUI
SAANR_FOURRAGE_2;2002;FR;METRO;NR11;91;Cultures développées;3.12.1.12;Prairies temporaires;Groupe d'indicateurs;070.02;Rendement matière sèche;89;OUI
SAANR_FOURRAGE_2;2002;FR;METRO;NR11;95;Cultures développées;3.12.1.12;Prairies temporaires;Groupe d'indicateurs;070.02;Rendement matière sèche;103;OUI
SAANR_FOURRAGE_2;2002;FR;METRO;NR11;77;Cultures développées;3.12.2;Superficie toujours en herbe (STH);Groupe d'indicateurs;020.08;Production séche (volume);1129416;OUI
SAANR_FOURRAGE_2;2002;FR;METRO;NR11;78;Cultures développées;3.12.2;Superficie toujours en herbe (STH);Groupe d'indicateurs;020.08;Production séche (volume);661537;OUI
SAANR_FOURRAGE_2;2002;FR;METRO;NR11;91;Cultures développées;3.12.2;Superficie toujours en herbe (STH);Groupe d'indicateurs;020.08;Production séche (volume);100890;OUI
SAANR_FOURRAGE_2;2002;FR;METRO;NR11;92;Cultures développées;3.12.2;Superficie toujours en herbe (STH);Groupe d'indicateurs;020.08;Production séche (volume);20;OUI
SAANR_FOURRAGE_2;2002;FR;METRO;NR11;93;Cultures développées;3.12.2;Superficie toujours en herbe (STH);Groupe d'indicateurs;020.08;Production séche (volume);0;OUI
SAANR_FOURRAGE_2;2002;FR;METRO;NR11;94;Cultures développées;3.12.2;Superficie toujours en herbe (STH);Groupe d'indicateurs;020.08;Production séche (volume);0;OUI
SAANR_FOURRAGE_2;2002;FR;METRO;NR11;95;Cultures développées;3.12.2;Superficie toujours en herbe (STH);Groupe d'indicateurs;020.08;Production séche (volume);267654;OUI
SAANR_FOURRAGE_2;2002;FR;METRO;NR11;77;Cultures développées;3.12.2;Superficie toujours en herbe (STH);Groupe d'indicateurs;050.07;Superficie concernée;22225;OUI
SAANR_FOURRAGE_2;2002;FR;METRO;NR11;78;Cultures développées;3.12.2;Superficie toujours en herbe (STH);Groupe d'indicateurs;050.07;Superficie concernée;10126;OUI
SAANR_FOURRAGE_2;2002;FR;METRO;NR11;91;Cultures développées;3.12.2;Superficie toujours en herbe (STH);Groupe d'indicateurs;050.07;Superficie concernée;2007;OUI
SAANR_FOURRAGE_2;2002;FR;METRO;NR11;92;Cultures développées;3.12.2;Superficie toujours en herbe (STH);Groupe d'indicateurs;050.07;Superficie concernée;6;OUI
SAANR_FOURRAGE_2;2002;FR;METRO;NR11;93;Cultures développées;3.12.2;Superficie toujours en herbe (STH);Groupe d'indicateurs;050.07;Superficie concernée;44;OUI
SAANR_FOURRAGE_2;2002;FR;METRO;NR11;94;Cultures développées;3.12.2;Superficie toujours en herbe (STH);Groupe d'indicateurs;050.07;Superficie concernée;45;OUI
SAANR_FOURRAGE_2;2002;FR;METRO;NR11;95;Cultures développées;3.12.2;Superficie toujours en herbe (STH);Groupe d'indicateurs;050.07;Superficie concernée;3751;OUI
SAANR_FOURRAGE_2;2002;FR;METRO;NR11;77;Cultures développées;3.12.2;Superficie toujours en herbe (STH);Groupe d'indicateurs;070.02;Rendement matière sèche;50.8;OUI
SAANR_FOURRAGE_2;2002;FR;METRO;NR11;78;Cultures développées;3.12.2;Superficie toujours en herbe (STH);Groupe d'indicateurs;070.02;Rendement matière sèche;65.3;OUI
SAANR_FOURRAGE_2;2002;FR;METRO;NR11;91;Cultures développées;3.12.2;Superficie toujours en herbe (STH);Groupe d'indicateurs;070.02;Rendement matière sèche;50.3;OUI
SAANR_FOURRAGE_2;2002;FR;METRO;NR11;92;Cultures développées;3.12.2;Superficie toujours en herbe (STH);Groupe d'indicateurs;070.02;Rendement matière sèche;3.3;OUI
SAANR_FOURRAGE_2;2002;FR;METRO;NR11;93;Cultures développées;3.12.2;Superficie toujours en herbe (STH);Groupe d'indicateurs;070.02;Rendement matière sèche;0;OUI
SAANR_FOURRAGE_2;2002;FR;METRO;NR11;94;Cultures développées;3.12.2;Superficie toujours en herbe (STH);Groupe d'indicateurs;070.02;Rendement matière sèche;0;OUI
SAANR_FOURRAGE_2;2002;FR;METRO;NR11;95;Cultures développées;3.12.2;Superficie toujours en herbe (STH);Groupe d'indicateurs;070.02;Rendement matière sèche;71.4;OUI
SAANR_FOURRAGE_2;2002;FR;METRO;NR11;77;Cultures développées;3.12.2.11;Prairies naturelles ou semées depuis plus de 6 ans;Groupe d'indicateurs;020.08;Production séche (volume);1128426;OUI
SAANR_FOURRAGE_2;2002;FR;METRO;NR11;78;Cultures développées;3.12.2.11;Prairies naturelles ou semées depuis plus de 6 ans;Groupe d'indicateurs;020.08;Production séche (volume);655327;OUI
SAANR_FOURRAGE_2;2002;FR;METRO;NR11;91;Cultures développées;3.12.2.11;Prairies naturelles ou semées depuis plus de 6 ans;Groupe d'indicateurs;020.08;Production séche (volume);98780;OUI
SAANR_FOURRAGE_2;2002;FR;METRO;NR11;92;Cultures développées;3.12.2.11;Prairies naturelles ou semées depuis plus de 6 ans;Groupe d'indicateurs;020.08;Production séche (volume);0;OUI
SAANR_FOURRAGE_2;2002;FR;METRO;NR11;93;Cultures développées;3.12.2.11;Prairies naturelles ou semées depuis plus de 6 ans;Groupe d'indicateurs;020.08;Production séche (volume);0;OUI
SAANR_FOURRAGE_2;2002;FR;METRO;NR11;94;Cultures développées;3.12.2.11;Prairies naturelles ou semées depuis plus de 6 ans;Groupe d'indicateurs;020.08;Production séche (volume);0;OUI
SAANR_FOURRAGE_2;2002;FR;METRO;NR11;95;Cultures développées;3.12.2.11;Prairies naturelles ou semées depuis plus de 6 ans;Groupe d'indicateurs;020.08;Production séche (volume);267264;OUI
SAANR_FOURRAGE_2;2002;FR;METRO;NR11;77;Cultures développées;3.12.2.11;Prairies naturelles ou semées depuis plus de 6 ans;Groupe d'indicateurs;050.07;Superficie concernée;22126;OUI
SAANR_FOURRAGE_2;2002;FR;METRO;NR11;78;Cultures développées;3.12.2.11;Prairies naturelles ou semées depuis plus de 6 ans;Groupe d'indicateurs;050.07;Superficie concernée;9781;OUI
SAANR_FOURRAGE_2;2002;FR;METRO;NR11;91;Cultures développées;3.12.2.11;Prairies naturelles ou semées depuis plus de 6 ans;Groupe d'indicateurs;050.07;Superficie concernée;1796;OUI
SAANR_FOURRAGE_2;2002;FR;METRO;NR11;92;Cultures développées;3.12.2.11;Prairies naturelles ou semées depuis plus de 6 ans;Groupe d'indicateurs;050.07;Superficie concernée;4;OUI
SAANR_FOURRAGE_2;2002;FR;METRO;NR11;93;Cultures développées;3.12.2.11;Prairies naturelles ou semées depuis plus de 6 ans;Groupe d'indicateurs;050.07;Superficie concernée;0;OUI
SAANR_FOURRAGE_2;2002;FR;METRO;NR11;94;Cultures développées;3.12.2.11;Prairies naturelles ou semées depuis plus de 6 ans;Groupe d'indicateurs;050.07;Superficie concernée;45;OUI
SAANR_FOURRAGE_2;2002;FR;METRO;NR11;95;Cultures développées;3.12.2.11;Prairies naturelles ou semées depuis plus de 6 ans;Groupe d'indicateurs;050.07;Superficie concernée;3712;OUI
SAANR_FOURRAGE_2;2002;FR;METRO;NR11;77;Cultures développées;3.12.2.11;Prairies naturelles ou semées depuis plus de 6 ans;Groupe d'indicateurs;070.02;Rendement matière sèche;51;OUI
SAANR_FOURRAGE_2;2002;FR;METRO;NR11;78;Cultures développées;3.12.2.11;Prairies naturelles ou semées depuis plus de 6 ans;Groupe d'indicateurs;070.02;Rendement matière sèche;67;OUI
SAANR_FOURRAGE_2;2002;FR;METRO;NR11;91;Cultures développées;3.12.2.11;Prairies naturelles ou semées depuis plus de 6 ans;Groupe d'indicateurs;070.02;Rendement matière sèche;55;OUI
SAANR_FOURRAGE_2;2002;FR;METRO;NR11;92;Cultures développées;3.12.2.11;Prairies naturelles ou semées depuis plus de 6 ans;Groupe d'indicateurs;070.02;Rendement matière sèche;0;OUI
SAANR_FOURRAGE_2;2002;FR;METRO;NR11;94;Cultures développées;3.12.2.11;Prairies naturelles ou semées depuis plus de 6 ans;Groupe d'indicateurs;070.02;Rendement matière sèche;0;OUI
SAANR_FOURRAGE_2;2002;FR;METRO;NR11;95;Cultures développées;3.12.2.11;Prairies naturelles ou semées depuis plus de 6 ans;Groupe d'indicateurs;070.02;Rendement matière sèche;72;OUI
SAANR_FOURRAGE_2;2002;FR;METRO;NR11;77;Cultures développées;3.12.2.12;STH (Superficies toujours en herbe) peu productives (pâturages pauvres);Groupe d'indicateurs;020.08;Production séche (volume);990;OUI
SAANR_FOURRAGE_2;2002;FR;METRO;NR11;78;Cultures développées;3.12.2.12;STH (Superficies toujours en herbe) peu productives (pâturages pauvres);Groupe d'indicateurs;020.08;Production séche (volume);6210;OUI
SAANR_FOURRAGE_2;2002;FR;METRO;NR11;91;Cultures développées;3.12.2.12;STH (Superficies toujours en herbe) peu productives (pâturages pauvres);Groupe d'indicateurs;020.08;Production séche (volume);2110;OUI
SAANR_FOURRAGE_2;2002;FR;METRO;NR11;92;Cultures développées;3.12.2.12;STH (Superficies toujours en herbe) peu productives (pâturages pauvres);Groupe d'indicateurs;020.08;Production séche (volume);20;OUI
SAANR_FOURRAGE_2;2002;FR;METRO;NR11;93;Cultures développées;3.12.2.12;STH (Superficies toujours en herbe) peu productives (pâturages pauvres);Groupe d'indicateurs;020.08;Production séche (volume);0;OUI
SAANR_FOURRAGE_2;2002;FR;METRO;NR11;94;Cultures développées;3.12.2.12;STH (Superficies toujours en herbe) peu productives (pâturages pauvres);Groupe d'indicateurs;020.08;Production séche (volume);0;OUI
SAANR_FOURRAGE_2;2002;FR;METRO;NR11;95;Cultures développées;3.12.2.12;STH (Superficies toujours en herbe) peu productives (pâturages pauvres);Groupe d'indicateurs;020.08;Production séche (volume);390;OUI
SAANR_FOURRAGE_2;2002;FR;METRO;NR11;77;Cultures développées;3.12.2.12;STH (Superficies toujours en herbe) peu productives (pâturages pauvres);Groupe d'indicateurs;050.07;Superficie concernée;99;OUI
SAANR_FOURRAGE_2;2002;FR;METRO;NR11;78;Cultures développées;3.12.2.12;STH (Superficies toujours en herbe) peu productives (pâturages pauvres);Groupe d'indicateurs;050.07;Superficie concernée;345;OUI
SAANR_FOURRAGE_2;2002;FR;METRO;NR11;91;Cultures développées;3.12.2.12;STH (Superficies toujours en herbe) peu productives (pâturages pauvres);Groupe d'indicateurs;050.07;Superficie concernée;211;OUI
SAANR_FOURRAGE_2;2002;FR;METRO;NR11;92;Cultures développées;3.12.2.12;STH (Superficies toujours en herbe) peu productives (pâturages pauvres);Groupe d'indicateurs;050.07;Superficie concernée;2;OUI
SAANR_FOURRAGE_2;2002;FR;METRO;NR11;93;Cultures développées;3.12.2.12;STH (Superficies toujours en herbe) peu productives (pâturages pauvres);Groupe d'indicateurs;050.07;Superficie concernée;44;OUI
SAANR_FOURRAGE_2;2002;FR;METRO;NR11;94;Cultures développées;3.12.2.12;STH (Superficies toujours en herbe) peu productives (pâturages pauvres);Groupe d'indicateurs;050.07;Superficie concernée;0;OUI
SAANR_FOURRAGE_2;2002;FR;METRO;NR11;95;Cultures développées;3.12.2.12;STH (Superficies toujours en herbe) peu productives (pâturages pauvres);Groupe d'indicateurs;050.07;Superficie concernée;39;OUI
SAANR_FOURRAGE_2;2002;FR;METRO;NR11;77;Cultures développées;3.12.2.12;STH (Superficies toujours en herbe) peu productives (pâturages pauvres);Groupe d'indicateurs;070.02;Rendement matière sèche;10;OUI
SAANR_FOURRAGE_2;2002;FR;METRO;NR11;78;Cultures développées;3.12.2.12;STH (Superficies toujours en herbe) peu productives (pâturages pauvres);Groupe d'indicateurs;070.02;Rendement matière sèche;18;OUI
SAANR_FOURRAGE_2;2002;FR;METRO;NR11;91;Cultures développées;3.12.2.12;STH (Superficies toujours en herbe) peu productives (pâturages pauvres);Groupe d'indicateurs;070.02;Rendement matière sèche;10;OUI
SAANR_FOURRAGE_2;2002;FR;METRO;NR11;92;Cultures développées;3.12.2.12;STH (Superficies toujours en herbe) peu productives (pâturages pauvres);Groupe d'indicateurs;070.02;Rendement matière sèche;10;OUI
SAANR_FOURRAGE_2;2002;FR;METRO;NR11;93;Cultures développées;3.12.2.12;STH (Superficies toujours en herbe) peu productives (pâturages pauvres);Groupe d'indicateurs;070.02;Rendement matière sèche;0;OUI
SAANR_FOURRAGE_2;2002;FR;METRO;NR11;95;Cultures développées;3.12.2.12;STH (Superficies toujours en herbe) peu productives (pâturages pauvres);Groupe d'indicateurs;070.02;Rendement matière sèche;10;OUI
SAANR_FOURRAGE_2;2002;FR;METRO;NR24;18;Cultures développées;3;Fourrages annuels, prairies non permanentes et STH;Groupe d'indicateurs;020.08;Production séche (volume);6324528;OUI
SAANR_FOURRAGE_2;2002;FR;METRO;NR24;28;Cultures développées;3;Fourrages annuels, prairies non permanentes et STH;Groupe d'indicateurs;020.08;Production séche (volume);2207019;OUI
SAANR_FOURRAGE_2;2002;FR;METRO;NR24;36;Cultures développées;3;Fourrages annuels, prairies non permanentes et STH;Groupe d'indicateurs;020.08;Production séche (volume);13857091;OUI
SAANR_FOURRAGE_2;2002;FR;METRO;NR24;37;Cultures développées;3;Fourrages annuels, prairies non permanentes et STH;Groupe d'indicateurs;020.08;Production séche (volume);3852142;OUI
SAANR_FOURRAGE_2;2002;FR;METRO;NR24;41;Cultures développées;3;Fourrages annuels, prairies non permanentes et STH;Groupe d'indicateurs;020.08;Production séche (volume);1881349;OUI
SAANR_FOURRAGE_2;2002;FR;METRO;NR24;45;Cultures développées;3;Fourrages annuels, prairies non permanentes et STH;Groupe d'indicateurs;020.08;Production séche (volume);1860287;OUI
SAANR_FOURRAGE_2;2002;FR;METRO;NR24;18;Cultures développées;3;Fourrages annuels, prairies non permanentes et STH;Groupe d'indicateurs;050.07;Superficie concernée;135036;OUI
SAANR_FOURRAGE_2;2002;FR;METRO;NR24;28;Cultures développées;3;Fourrages annuels, prairies non permanentes et STH;Groupe d'indicateurs;050.07;Superficie concernée;30962;OUI
SAANR_FOURRAGE_2;2002;FR;METRO;NR24;36;Cultures développées;3;Fourrages annuels, prairies non permanentes et STH;Groupe d'indicateurs;050.07;Superficie concernée;227006;OUI
SAANR_FOURRAGE_2;2002;FR;METRO;NR24;37;Cultures développées;3;Fourrages annuels, prairies non permanentes et STH;Groupe d'indicateurs;050.07;Superficie concernée;70294;OUI
SAANR_FOURRAGE_2;2002;FR;METRO;NR24;41;Cultures développées;3;Fourrages annuels, prairies non permanentes et STH;Groupe d'indicateurs;050.07;Superficie concernée;34537;OUI
SAANR_FOURRAGE_2;2002;FR;METRO;NR24;45;Cultures développées;3;Fourrages annuels, prairies non permanentes et STH;Groupe d'indicateurs;050.07;Superficie concernée;28837;OUI
SAANR_FOURRAGE_2;2002;FR;METRO;NR24;18;Cultures développées;3;Fourrages annuels, prairies non permanentes et STH;Groupe d'indicateurs;070.02;Rendement matière sèche;;OUI
SAANR_FOURRAGE_2;2002;FR;METRO;NR24;28;Cultures développées;3;Fourrages annuels, prairies non permanentes et STH;Groupe d'indicateurs;070.02;Rendement matière sèche;;OUI
SAANR_FOURRAGE_2;2002;FR;METRO;NR24;36;Cultures développées;3;Fourrages annuels, prairies non permanentes et STH;Groupe d'indicateurs;070.02;Rendement matière sèche;;OUI
SAANR_FOURRAGE_2;2002;FR;METRO;NR24;37;Cultures développées;3;Fourrages annuels, prairies non permanentes et STH;Groupe d'indicateurs;070.02;Rendement matière sèche;;OUI
SAANR_FOURRAGE_2;2002;FR;METRO;NR24;41;Cultures développées;3;Fourrages annuels, prairies non permanentes et STH;Groupe d'indicateurs;070.02;Rendement matière sèche;;OUI
SAANR_FOURRAGE_2;2002;FR;METRO;NR24;45;Cultures développées;3;Fourrages annuels, prairies non permanentes et STH;Groupe d'indicateurs;070.02;Rendement matière sèche;;OUI
SAANR_FOURRAGE_2;2002;FR;METRO;NR24;18;Cultures développées;3.11;Fourrages annuels;Groupe d'indicateurs;020.08;Production séche (volume);299139;OUI
SAANR_FOURRAGE_2;2002;FR;METRO;NR24;28;Cultures développées;3.11;Fourrages annuels;Groupe d'indicateurs;020.08;Production séche (volume);455580;OUI
SAANR_FOURRAGE_2;2002;FR;METRO;NR24;36;Cultures développées;3.11;Fourrages annuels;Groupe d'indicateurs;020.08;Production séche (volume);688284;OUI
SAANR_FOURRAGE_2;2002;FR;METRO;NR24;37;Cultures développées;3.11;Fourrages annuels;Groupe d'indicateurs;020.08;Production séche (volume);977521;OUI
SAANR_FOURRAGE_2;2002;FR;METRO;NR24;41;Cultures développées;3.11;Fourrages annuels;Groupe d'indicateurs;020.08;Production séche (volume);474812;OUI
SAANR_FOURRAGE_2;2002;FR;METRO;NR24;45;Cultures développées;3.11;Fourrages annuels;Groupe d'indicateurs;020.08;Production séche (volume);566419;OUI
SAANR_FOURRAGE_2;2002;FR;METRO;NR24;18;Cultures développées;3.11;Fourrages annuels;Groupe d'indicateurs;050.07;Superficie concernée;3077;OUI
SAANR_FOURRAGE_2;2002;FR;METRO;NR24;28;Cultures développées;3.11;Fourrages annuels;Groupe d'indicateurs;050.07;Superficie concernée;3879;OUI
SAANR_FOURRAGE_2;2002;FR;METRO;NR24;36;Cultures développées;3.11;Fourrages annuels;Groupe d'indicateurs;050.07;Superficie concernée;6127;OUI
SAANR_FOURRAGE_2;2002;FR;METRO;NR24;37;Cultures développées;3.11;Fourrages annuels;Groupe d'indicateurs;050.07;Superficie concernée;9137;OUI
SAANR_FOURRAGE_2;2002;FR;METRO;NR24;41;Cultures développées;3.11;Fourrages annuels;Groupe d'indicateurs;050.07;Superficie concernée;4930;OUI
SAANR_FOURRAGE_2;2002;FR;METRO;NR24;45;Cultures développées;3.11;Fourrages annuels;Groupe d'indicateurs;050.07;Superficie concernée;4725;OUI
SAANR_FOURRAGE_2;2002;FR;METRO;NR24;18;Cultures développées;3.11;Fourrages annuels;Groupe d'indicateurs;070.02;Rendement matière sèche;;OUI
SAANR_FOURRAGE_2;2002;FR;METRO;NR24;28;Cultures développées;3.11;Fourrages annuels;Groupe d'indicateurs;070.02;Rendement matière sèche;;OUI
SAANR_FOURRAGE_2;2002;FR;METRO;NR24;36;Cultures développées;3.11;Fourrages annuels;Groupe d'indicateurs;070.02;Rendement matière sèche;;OUI
SAANR_FOURRAGE_2;2002;FR;METRO;NR24;37;Cultures développées;3.11;Fourrages annuels;Groupe d'indicateurs;070.02;Rendement matière sèche;;OUI
SAANR_FOURRAGE_2;2002;FR;METRO;NR24;41;Cultures développées;3.11;Fourrages annuels;Groupe d'indicateurs;070.02;Rendement matière sèche;;OUI
SAANR_FOURRAGE_2;2002;FR;METRO;NR24;45;Cultures développées;3.11;Fourrages annuels;Groupe d'indicateurs;070.02;Rendement matière sèche;;OUI
SAANR_FOURRAGE_2;2002;FR;METRO;NR24;18;Cultures développées;3.11.1;Maïs fourrage et ensilage (plante entière);Groupe d'indicateurs;020.08;Production séche (volume);228687;OUI
SAANR_FOURRAGE_2;2002;FR;METRO;NR24;28;Cultures développées;3.11.1;Maïs fourrage et ensilage (plante entière);Groupe d'indicateurs;020.08;Production séche (volume);443880;OUI
SAANR_FOURRAGE_2;2002;FR;METRO;NR24;36;Cultures développées;3.11.1;Maïs fourrage et ensilage (plante entière);Groupe d'indicateurs;020.08;Production séche (volume);626880;OUI
SAANR_FOURRAGE_2;2002;FR;METRO;NR24;37;Cultures développées;3.11.1;Maïs fourrage et ensilage (plante entière);Groupe d'indicateurs;020.08;Production séche (volume);967896;OUI
SAANR_FOURRAGE_2;2002;FR;METRO;NR24;41;Cultures développées;3.11.1;Maïs fourrage et ensilage (plante entière);Groupe d'indicateurs;020.08;Production séche (volume);449134;OUI
SAANR_FOURRAGE_2;2002;FR;METRO;NR24;45;Cultures développées;3.11.1;Maïs fourrage et ensilage (plante entière);Groupe d'indicateurs;020.08;Production séche (volume);554528;OUI
SAANR_FOURRAGE_2;2002;FR;METRO;NR24;18;Cultures développées;3.11.1;Maïs fourrage et ensilage (plante entière);Groupe d'indicateurs;050.07;Superficie concernée;2459;OUI
SAANR_FOURRAGE_2;2002;FR;METRO;NR24;28;Cultures développées;3.11.1;Maïs fourrage et ensilage (plante entière);Groupe d'indicateurs;050.07;Superficie concernée;3699;OUI
SAANR_FOURRAGE_2;2002;FR;METRO;NR24;36;Cultures développées;3.11.1;Maïs fourrage et ensilage (plante entière);Groupe d'indicateurs;050.07;Superficie concernée;5224;OUI
SAANR_FOURRAGE_2;2002;FR;METRO;NR24;37;Cultures développées;3.11.1;Maïs fourrage et ensilage (plante entière);Groupe d'indicateurs;050.07;Superficie concernée;8962;OUI
SAANR_FOURRAGE_2;2002;FR;METRO;NR24;41;Cultures développées;3.11.1;Maïs fourrage et ensilage (plante entière);Groupe d'indicateurs;050.07;Superficie concernée;4583;OUI
SAANR_FOURRAGE_2;2002;FR;METRO;NR24;45;Cultures développées;3.11.1;Maïs fourrage et ensilage (plante entière);Groupe d'indicateurs;050.07;Superficie concernée;4472;OUI
SAANR_FOURRAGE_2;2002;FR;METRO;NR24;18;Cultures développées;3.11.1;Maïs fourrage et ensilage (plante entière);Groupe d'indicateurs;070.02;Rendement matière sèche;93;OUI
SAANR_FOURRAGE_2;2002;FR;METRO;NR24;28;Cultures développées;3.11.1;Maïs fourrage et ensilage (plante entière);Groupe d'indicateurs;070.02;Rendement matière sèche;120;OUI
SAANR_FOURRAGE_2;2002;FR;METRO;NR24;36;Cultures développées;3.11.1;Maïs fourrage et ensilage (plante entière);Groupe d'indicateurs;070.02;Rendement matière sèche;120;OUI
SAANR_FOURRAGE_2;2002;FR;METRO;NR24;37;Cultures développées;3.11.1;Maïs fourrage et ensilage (plante entière);Groupe d'indicateurs;070.02;Rendement matière sèche;108;OUI
SAANR_FOURRAGE_2;2002;FR;METRO;NR24;41;Cultures développées;3.11.1;Maïs fourrage et ensilage (plante entière);Groupe d'indicateurs;070.02;Rendement matière sèche;98;OUI
SAANR_FOURRAGE_2;2002;FR;METRO;NR24;45;Cultures développées;3.11.1;Maïs fourrage et ensilage (plante entière);Groupe d'indicateurs;070.02;Rendement matière sèche;124;OUI
SAANR_FOURRAGE_2;2002;FR;METRO;NR24;18;Cultures développées;3.11.1.12;Maïs fourrage et ensilage (plante entière) non irrigué;Groupe d'indicateurs;020.08;Production séche (volume);228687;OUI
SAANR_FOURRAGE_2;2002;FR;METRO;NR24;28;Cultures développées;3.11.1.12;Maïs fourrage et ensilage (plante entière) non irrigué;Groupe d'indicateurs;020.08;Production séche (volume);443880;OUI
SAANR_FOURRAGE_2;2002;FR;METRO;NR24;36;Cultures développées;3.11.1.12;Maïs fourrage et ensilage (plante entière) non irrigué;Groupe d'indicateurs;020.08;Production séche (volume);626880;OUI
SAANR_FOURRAGE_2;2002;FR;METRO;NR24;37;Cultures développées;3.11.1.12;Maïs fourrage et ensilage (plante entière) non irrigué;Groupe d'indicateurs;020.08;Production séche (volume);967896;OUI
SAANR_FOURRAGE_2;2002;FR;METRO;NR24;41;Cultures développées;3.11.1.12;Maïs fourrage et ensilage (plante entière) non irrigué;Groupe d'indicateurs;020.08;Production séche (volume);449134;OUI
SAANR_FOURRAGE_2;2002;FR;METRO;NR24;45;Cultures développées;3.11.1.12;Maïs fourrage et ensilage (plante entière) non irrigué;Groupe d'indicateurs;020.08;Production séche (volume);554528;OUI
SAANR_FOURRAGE_2;2002;FR;METRO;NR24;18;Cultures développées;3.11.1.12;Maïs fourrage et ensilage (plante entière) non irrigué;Groupe d'indicateurs;050.07;Superficie concernée;2459;OUI
SAANR_FOURRAGE_2;2002;FR;METRO;NR24;28;Cultures développées;3.11.1.12;Maïs fourrage et ensilage (plante entière) non irrigué;Groupe d'indicateurs;050.07;Superficie concernée;3699;OUI
SAANR_FOURRAGE_2;2002;FR;METRO;NR24;36;Cultures développées;3.11.1.12;Maïs fourrage et ensilage (plante entière) non irrigué;Groupe d'indicateurs;050.07;Superficie concernée;5224;OUI
SAANR_FOURRAGE_2;2002;FR;METRO;NR24;37;Cultures développées;3.11.1.12;Maïs fourrage et ensilage (plante entière) non irrigué;Groupe d'indicateurs;050.07;Superficie concernée;8962;OUI
SAANR_FOURRAGE_2;2002;FR;METRO;NR24;41;Cultures développées;3.11.1.12;Maïs fourrage et ensilage (plante entière) non irrigué;Groupe d'indicateurs;050.07;Superficie concernée;4583;OUI
SAANR_FOURRAGE_2;2002;FR;METRO;NR24;45;Cultures développées;3.11.1.12;Maïs fourrage et ensilage (plante entière) non irrigué;Groupe d'indicateurs;050.07;Superficie concernée;4472;OUI
SAANR_FOURRAGE_2;2002;FR;METRO;NR24;18;Cultures développées;3.11.1.12;Maïs fourrage et ensilage (plante entière) non irrigué;Groupe d'indicateurs;070.02;Rendement matière sèche;93;OUI
SAANR_FOURRAGE_2;2002;FR;METRO;NR24;28;Cultures développées;3.11.1.12;Maïs fourrage et ensilage (plante entière) non irrigué;Groupe d'indicateurs;070.02;Rendement matière sèche;120;OUI
SAANR_FOURRAGE_2;2002;FR;METRO;NR24;36;Cultures développées;3.11.1.12;Maïs fourrage et ensilage (plante entière) non irrigué;Groupe d'indicateurs;070.02;Rendement matière sèche;120;OUI
SAANR_FOURRAGE_2;2002;FR;METRO;NR24;37;Cultures développées;3.11.1.12;Maïs fourrage et ensilage (plante entière) non irrigué;Groupe d'indicateurs;070.02;Rendement matière sèche;108;OUI
SAANR_FOURRAGE_2;2002;FR;METRO;NR24;41;Cultures développées;3.11.1.12;Maïs fourrage et ensilage (plante entière) non irrigué;Groupe d'indicateurs;070.02;Rendement matière sèche;98;OUI
SAANR_FOURRAGE_2;2002;FR;METRO;NR24;45;Cultures développées;3.11.1.12;Maïs fourrage et ensilage (plante entière) non irrigué;Groupe d'indicateurs;070.02;Rendement matière sèche;124;OUI
SAANR_FOURRAGE_2;2002;FR;METRO;NR24;18;Cultures développées;3.11.9;Autres fourrages annuels, n.c.a.;Groupe d'indicateurs;020.08;Production séche (volume);70452;OUI
SAANR_FOURRAGE_2;2002;FR;METRO;NR24;28;Cultures développées;3.11.9;Autres fourrages annuels, n.c.a.;Groupe d'indicateurs;020.08;Production séche (volume);11700;OUI
SAANR_FOURRAGE_2;2002;FR;METRO;NR24;36;Cultures développées;3.11.9;Autres fourrages annuels, n.c.a.;Groupe d'indicateurs;020.08;Production séche (volume);61404;OUI
SAANR_FOURRAGE_2;2002;FR;METRO;NR24;37;Cultures développées;3.11.9;Autres fourrages annuels, n.c.a.;Groupe d'indicateurs;020.08;Production séche (volume);9625;OUI
SAANR_FOURRAGE_2;2002;FR;METRO;NR24;41;Cultures développées;3.11.9;Autres fourrages annuels, n.c.a.;Groupe d'indicateurs;020.08;Production séche (volume);25678;OUI
SAANR_FOURRAGE_2;2002;FR;METRO;NR24;45;Cultures développées;3.11.9;Autres fourrages annuels, n.c.a.;Groupe d'indicateurs;020.08;Production séche (volume);11891;OUI
SAANR_FOURRAGE_2;2002;FR;METRO;NR24;18;Cultures développées;3.11.9;Autres fourrages annuels, n.c.a.;Groupe d'indicateurs;050.07;Superficie concernée;618;OUI
SAANR_FOURRAGE_2;2002;FR;METRO;NR24;28;Cultures développées;3.11.9;Autres fourrages annuels, n.c.a.;Groupe d'indicateurs;050.07;Superficie concernée;180;OUI
SAANR_FOURRAGE_2;2002;FR;METRO;NR24;36;Cultures développées;3.11.9;Autres fourrages annuels, n.c.a.;Groupe d'indicateurs;050.07;Superficie concernée;903;OUI
SAANR_FOURRAGE_2;2002;FR;METRO;NR24;37;Cultures développées;3.11.9;Autres fourrages annuels, n.c.a.;Groupe d'indicateurs;050.07;Superficie concernée;175;OUI
SAANR_FOURRAGE_2;2002;FR;METRO;NR24;41;Cultures développées;3.11.9;Autres fourrages annuels, n.c.a.;Groupe d'indicateurs;050.07;Superficie concernée;347;OUI
SAANR_FOURRAGE_2;2002;FR;METRO;NR24;45;Cultures développées;3.11.9;Autres fourrages annuels, n.c.a.;Groupe d'indicateurs;050.07;Superficie concernée;253;OUI
SAANR_FOURRAGE_2;2002;FR;METRO;NR24;18;Cultures développées;3.12;Prairies non permanentes et STH;Groupe d'indicateurs;020.08;Production séche (volume);6025389;OUI
SAANR_FOURRAGE_2;2002;FR;METRO;NR24;28;Cultures développées;3.12;Prairies non permanentes et STH;Groupe d'indicateurs;020.08;Production séche (volume);1751439;OUI
SAANR_FOURRAGE_2;2002;FR;METRO;NR24;36;Cultures développées;3.12;Prairies non permanentes et STH;Groupe d'indicateurs;020.08;Production séche (volume);13168807;OUI
SAANR_FOURRAGE_2;2002;FR;METRO;NR24;37;Cultures développées;3.12;Prairies non permanentes et STH;Groupe d'indicateurs;020.08;Production séche (volume);2874621;OUI
SAANR_FOURRAGE_2;2002;FR;METRO;NR24;41;Cultures développées;3.12;Prairies non permanentes et STH;Groupe d'indicateurs;020.08;Production séche (volume);1406537;OUI
SAANR_FOURRAGE_2;2002;FR;METRO;NR24;45;Cultures développées;3.12;Prairies non permanentes et STH;Groupe d'indicateurs;020.08;Production séche (volume);1293868;OUI
SAANR_FOURRAGE_2;2002;FR;METRO;NR24;18;Cultures développées;3.12;Prairies non permanentes et STH;Groupe d'indicateurs;050.07;Superficie concernée;131959;OUI
SAANR_FOURRAGE_2;2002;FR;METRO;NR24;28;Cultures développées;3.12;Prairies non permanentes et STH;Groupe d'indicateurs;050.07;Superficie concernée;27083;OUI
SAANR_FOURRAGE_2;2002;FR;METRO;NR24;36;Cultures développées;3.12;Prairies non permanentes et STH;Groupe d'indicateurs;050.07;Superficie concernée;220879;OUI
SAANR_FOURRAGE_2;2002;FR;METRO;NR24;37;Cultures développées;3.12;Prairies non permanentes et STH;Groupe d'indicateurs;050.07;Superficie concernée;61157;OUI
SAANR_FOURRAGE_2;2002;FR;METRO;NR24;41;Cultures développées;3.12;Prairies non permanentes et STH;Groupe d'indicateurs;050.07;Superficie concernée;29607;OUI
SAANR_FOURRAGE_2;2002;FR;METRO;NR24;45;Cultures développées;3.12;Prairies non permanentes et STH;Groupe d'indicateurs;050.07;Superficie concernée;24112;OUI
SAANR_FOURRAGE_2;2002;FR;METRO;NR24;18;Cultures développées;3.12;Prairies non permanentes et STH;Groupe d'indicateurs;070.02;Rendement matière sèche;45.7;OUI
SAANR_FOURRAGE_2;2002;FR;METRO;NR24;28;Cultures développées;3.12;Prairies non permanentes et STH;Groupe d'indicateurs;070.02;Rendement matière sèche;64.7;OUI
SAANR_FOURRAGE_2;2002;FR;METRO;NR24;36;Cultures développées;3.12;Prairies non permanentes et STH;Groupe d'indicateurs;070.02;Rendement matière sèche;59.6;OUI
SAANR_FOURRAGE_2;2002;FR;METRO;NR24;37;Cultures développées;3.12;Prairies non permanentes et STH;Groupe d'indicateurs;070.02;Rendement matière sèche;47;OUI
SAANR_FOURRAGE_2;2002;FR;METRO;NR24;41;Cultures développées;3.12;Prairies non permanentes et STH;Groupe d'indicateurs;070.02;Rendement matière sèche;47.5;OUI
SAANR_FOURRAGE_2;2002;FR;METRO;NR24;45;Cultures développées;3.12;Prairies non permanentes et STH;Groupe d'indicateurs;070.02;Rendement matière sèche;53.7;OUI
SAANR_FOURRAGE_2;2002;FR;METRO;NR24;18;Cultures développées;3.12.1;Prairies non permanentes;Groupe d'indicateurs;020.08;Production séche (volume);1370920;OUI
SAANR_FOURRAGE_2;2002;FR;METRO;NR24;28;Cultures développées;3.12.1;Prairies non permanentes;Groupe d'indicateurs;020.08;Production séche (volume);359366;OUI
SAANR_FOURRAGE_2;2002;FR;METRO;NR24;36;Cultures développées;3.12.1;Prairies non permanentes;Groupe d'indicateurs;020.08;Production séche (volume);5122880;OUI
SAANR_FOURRAGE_2;2002;FR;METRO;NR24;37;Cultures développées;3.12.1;Prairies non permanentes;Groupe d'indicateurs;020.08;Production séche (volume);1448085;OUI
SAANR_FOURRAGE_2;2002;FR;METRO;NR24;41;Cultures développées;3.12.1;Prairies non permanentes;Groupe d'indicateurs;020.08;Production séche (volume);724064;OUI
SAANR_FOURRAGE_2;2002;FR;METRO;NR24;45;Cultures développées;3.12.1;Prairies non permanentes;Groupe d'indicateurs;020.08;Production séche (volume);899404;OUI
SAANR_FOURRAGE_2;2002;FR;METRO;NR24;18;Cultures développées;3.12.1;Prairies non permanentes;Groupe d'indicateurs;050.07;Superficie concernée;21898;OUI
SAANR_FOURRAGE_2;2002;FR;METRO;NR24;28;Cultures développées;3.12.1;Prairies non permanentes;Groupe d'indicateurs;050.07;Superficie concernée;4150;OUI
SAANR_FOURRAGE_2;2002;FR;METRO;NR24;36;Cultures développées;3.12.1;Prairies non permanentes;Groupe d'indicateurs;050.07;Superficie concernée;72970;OUI
SAANR_FOURRAGE_2;2002;FR;METRO;NR24;37;Cultures développées;3.12.1;Prairies non permanentes;Groupe d'indicateurs;050.07;Superficie concernée;24755;OUI
SAANR_FOURRAGE_2;2002;FR;METRO;NR24;41;Cultures développées;3.12.1;Prairies non permanentes;Groupe d'indicateurs;050.07;Superficie concernée;10648;OUI
SAANR_FOURRAGE_2;2002;FR;METRO;NR24;45;Cultures développées;3.12.1;Prairies non permanentes;Groupe d'indicateurs;050.07;Superficie concernée;13954;OUI
SAANR_FOURRAGE_2;2002;FR;METRO;NR24;18;Cultures développées;3.12.1;Prairies non permanentes;Groupe d'indicateurs;070.02;Rendement matière sèche;62.6;OUI
SAANR_FOURRAGE_2;2002;FR;METRO;NR24;28;Cultures développées;3.12.1;Prairies non permanentes;Groupe d'indicateurs;070.02;Rendement matière sèche;86.6;OUI
SAANR_FOURRAGE_2;2002;FR;METRO;NR24;36;Cultures développées;3.12.1;Prairies non permanentes;Groupe d'indicateurs;070.02;Rendement matière sèche;70.2;OUI
SAANR_FOURRAGE_2;2002;FR;METRO;NR24;37;Cultures développées;3.12.1;Prairies non permanentes;Groupe d'indicateurs;070.02;Rendement matière sèche;58.5;OUI
SAANR_FOURRAGE_2;2002;FR;METRO;NR24;41;Cultures développées;3.12.1;Prairies non permanentes;Groupe d'indicateurs;070.02;Rendement matière sèche;68;OUI
SAANR_FOURRAGE_2;2002;FR;METRO;NR24;45;Cultures développées;3.12.1;Prairies non permanentes;Groupe d'indicateurs;070.02;Rendement matière sèche;64.5;OUI
SAANR_FOURRAGE_2;2002;FR;METRO;NR24;18;Cultures développées;3.12.1.11;Prairie artificielle (luzerne, trèfle violet, ...);Groupe d'indicateurs;020.08;Production séche (volume);228160;OUI
SAANR_FOURRAGE_2;2002;FR;METRO;NR24;28;Cultures développées;3.12.1.11;Prairie artificielle (luzerne, trèfle violet, ...);Groupe d'indicateurs;020.08;Production séche (volume);76911;OUI
SAANR_FOURRAGE_2;2002;FR;METRO;NR24;36;Cultures développées;3.12.1.11;Prairie artificielle (luzerne, trèfle violet, ...);Groupe d'indicateurs;020.08;Production séche (volume);164780;OUI
SAANR_FOURRAGE_2;2002;FR;METRO;NR24;37;Cultures développées;3.12.1.11;Prairie artificielle (luzerne, trèfle violet, ...);Groupe d'indicateurs;020.08;Production séche (volume);199500;OUI
SAANR_FOURRAGE_2;2002;FR;METRO;NR24;41;Cultures développées;3.12.1.11;Prairie artificielle (luzerne, trèfle violet, ...);Groupe d'indicateurs;020.08;Production séche (volume);85612;OUI
SAANR_FOURRAGE_2;2002;FR;METRO;NR24;45;Cultures développées;3.12.1.11;Prairie artificielle (luzerne, trèfle violet, ...);Groupe d'indicateurs;020.08;Production séche (volume);244264;OUI
SAANR_FOURRAGE_2;2002;FR;METRO;NR24;18;Cultures développées;3.12.1.11;Prairie artificielle (luzerne, trèfle violet, ...);Groupe d'indicateurs;050.07;Superficie concernée;2852;OUI
SAANR_FOURRAGE_2;2002;FR;METRO;NR24;28;Cultures développées;3.12.1.11;Prairie artificielle (luzerne, trèfle violet, ...);Groupe d'indicateurs;050.07;Superficie concernée;827;OUI
SAANR_FOURRAGE_2;2002;FR;METRO;NR24;36;Cultures développées;3.12.1.11;Prairie artificielle (luzerne, trèfle violet, ...);Groupe d'indicateurs;050.07;Superficie concernée;2140;OUI
SAANR_FOURRAGE_2;2002;FR;METRO;NR24;37;Cultures développées;3.12.1.11;Prairie artificielle (luzerne, trèfle violet, ...);Groupe d'indicateurs;050.07;Superficie concernée;2850;OUI
SAANR_FOURRAGE_2;2002;FR;METRO;NR24;41;Cultures développées;3.12.1.11;Prairie artificielle (luzerne, trèfle violet, ...);Groupe d'indicateurs;050.07;Superficie concernée;1259;OUI
SAANR_FOURRAGE_2;2002;FR;METRO;NR24;45;Cultures développées;3.12.1.11;Prairie artificielle (luzerne, trèfle violet, ...);Groupe d'indicateurs;050.07;Superficie concernée;3214;OUI
SAANR_FOURRAGE_2;2002;FR;METRO;NR24;18;Cultures développées;3.12.1.11;Prairie artificielle (luzerne, trèfle violet, ...);Groupe d'indicateurs;070.02;Rendement matière sèche;80;OUI
SAANR_FOURRAGE_2;2002;FR;METRO;NR24;28;Cultures développées;3.12.1.11;Prairie artificielle (luzerne, trèfle violet, ...);Groupe d'indicateurs;070.02;Rendement matière sèche;93;OUI
SAANR_FOURRAGE_2;2002;FR;METRO;NR24;36;Cultures développées;3.12.1.11;Prairie artificielle (luzerne, trèfle violet, ...);Groupe d'indicateurs;070.02;Rendement matière sèche;77;OUI
SAANR_FOURRAGE_2;2002;FR;METRO;NR24;37;Cultures développées;3.12.1.11;Prairie artificielle (luzerne, trèfle violet, ...);Groupe d'indicateurs;070.02;Rendement matière sèche;70;OUI
SAANR_FOURRAGE_2;2002;FR;METRO;NR24;41;Cultures développées;3.12.1.11;Prairie artificielle (luzerne, trèfle violet, ...);Groupe d'indicateurs;070.02;Rendement matière sèche;68;OUI
SAANR_FOURRAGE_2;2002;FR;METRO;NR24;45;Cultures développées;3.12.1.11;Prairie artificielle (luzerne, trèfle violet, ...);Groupe d'indicateurs;070.02;Rendement matière sèche;76;OUI
SAANR_FOURRAGE_2;2002;FR;METRO;NR24;18;Cultures développées;3.12.1.11.2;Autres prairies artificielles;Groupe d'indicateurs;020.08;Production séche (volume);228160;OUI
SAANR_FOURRAGE_2;2002;FR;METRO;NR24;28;Cultures développées;3.12.1.11.2;Autres prairies artificielles;Groupe d'indicateurs;020.08;Production séche (volume);76911;OUI
SAANR_FOURRAGE_2;2002;FR;METRO;NR24;36;Cultures développées;3.12.1.11.2;Autres prairies artificielles;Groupe d'indicateurs;020.08;Production séche (volume);164780;OUI
SAANR_FOURRAGE_2;2002;FR;METRO;NR24;37;Cultures développées;3.12.1.11.2;Autres prairies artificielles;Groupe d'indicateurs;020.08;Production séche (volume);199500;OUI
SAANR_FOURRAGE_2;2002;FR;METRO;NR24;41;Cultures développées;3.12.1.11.2;Autres prairies artificielles;Groupe d'indicateurs;020.08;Production séche (volume);85612;OUI
SAANR_FOURRAGE_2;2002;FR;METRO;NR24;45;Cultures développées;3.12.1.11.2;Autres prairies artificielles;Groupe d'indicateurs;020.08;Production séche (volume);244264;OUI
SAANR_FOURRAGE_2;2002;FR;METRO;NR24;18;Cultures développées;3.12.1.11.2;Autres prairies artificielles;Groupe d'indicateurs;050.07;Superficie concernée;2852;OUI
SAANR_FOURRAGE_2;2002;FR;METRO;NR24;28;Cultures développées;3.12.1.11.2;Autres prairies artificielles;Groupe d'indicateurs;050.07;Superficie concernée;827;OUI
SAANR_FOURRAGE_2;2002;FR;METRO;NR24;36;Cultures développées;3.12.1.11.2;Autres prairies artificielles;Groupe d'indicateurs;050.07;Superficie concernée;2140;OUI
SAANR_FOURRAGE_2;2002;FR;METRO;NR24;37;Cultures développées;3.12.1.11.2;Autres prairies artificielles;Groupe d'indicateurs;050.07;Superficie concernée;2850;OUI
SAANR_FOURRAGE_2;2002;FR;METRO;NR24;41;Cultures développées;3.12.1.11.2;Autres prairies artificielles;Groupe d'indicateurs;050.07;Superficie concernée;1259;OUI
SAANR_FOURRAGE_2;2002;FR;METRO;NR24;45;Cultures développées;3.12.1.11.2;Autres prairies artificielles;Groupe d'indicateurs;050.07;Superficie concernée;3214;OUI
SAANR_FOURRAGE_2;2002;FR;METRO;NR24;18;Cultures développées;3.12.1.11.2;Autres prairies artificielles;Groupe d'indicateurs;070.02;Rendement matière sèche;80;OUI
SAANR_FOURRAGE_2;2002;FR;METRO;NR24;28;Cultures développées;3.12.1.11.2;Autres prairies artificielles;Groupe d'indicateurs;070.02;Rendement matière sèche;93;OUI
SAANR_FOURRAGE_2;2002;FR;METRO;NR24;36;Cultures développées;3.12.1.11.2;Autres prairies artificielles;Groupe d'indicateurs;070.02;Rendement matière sèche;77;OUI
SAANR_FOURRAGE_2;2002;FR;METRO;NR24;37;Cultures développées;3.12.1.11.2;Autres prairies artificielles;Groupe d'indicateurs;070.02;Rendement matière sèche;70;OUI
SAANR_FOURRAGE_2;2002;FR;METRO;NR24;41;Cultures développées;3.12.1.11.2;Autres prairies artificielles;Groupe d'indicateurs;070.02;Rendement matière sèche;68;OUI
SAANR_FOURRAGE_2;2002;FR;METRO;NR24;45;Cultures développées;3.12.1.11.2;Autres prairies artificielles;Groupe d'indicateurs;070.02;Rendement matière sèche;76;OUI
SAANR_FOURRAGE_2;2002;FR;METRO;NR24;18;Cultures développées;3.12.1.12;Prairies temporaires;Groupe d'indicateurs;020.08;Production séche (volume);1142760;OUI
SAANR_FOURRAGE_2;2002;FR;METRO;NR24;28;Cultures développées;3.12.1.12;Prairies temporaires;Groupe d'indicateurs;020.08;Production séche (volume);282455;OUI
SAANR_FOURRAGE_2;2002;FR;METRO;NR24;36;Cultures développées;3.12.1.12;Prairies temporaires;Groupe d'indicateurs;020.08;Production séche (volume);4958100;OUI
SAANR_FOURRAGE_2;2002;FR;METRO;NR24;37;Cultures développées;3.12.1.12;Prairies temporaires;Groupe d'indicateurs;020.08;Production séche (volume);1248585;OUI
SAANR_FOURRAGE_2;2002;FR;METRO;NR24;41;Cultures développées;3.12.1.12;Prairies temporaires;Groupe d'indicateurs;020.08;Production séche (volume);638452;OUI
SAANR_FOURRAGE_2;2002;FR;METRO;NR24;45;Cultures développées;3.12.1.12;Prairies temporaires;Groupe d'indicateurs;020.08;Production séche (volume);655140;OUI
SAANR_FOURRAGE_2;2002;FR;METRO;NR24;18;Cultures développées;3.12.1.12;Prairies temporaires;Groupe d'indicateurs;050.07;Superficie concernée;19046;OUI
SAANR_FOURRAGE_2;2002;FR;METRO;NR24;28;Cultures développées;3.12.1.12;Prairies temporaires;Groupe d'indicateurs;050.07;Superficie concernée;3323;OUI
SAANR_FOURRAGE_2;2002;FR;METRO;NR24;36;Cultures développées;3.12.1.12;Prairies temporaires;Groupe d'indicateurs;050.07;Superficie concernée;70830;OUI
SAANR_FOURRAGE_2;2002;FR;METRO;NR24;37;Cultures développées;3.12.1.12;Prairies temporaires;Groupe d'indicateurs;050.07;Superficie concernée;21905;OUI
SAANR_FOURRAGE_2;2002;FR;METRO;NR24;41;Cultures développées;3.12.1.12;Prairies temporaires;Groupe d'indicateurs;050.07;Superficie concernée;9389;OUI
SAANR_FOURRAGE_2;2002;FR;METRO;NR24;45;Cultures développées;3.12.1.12;Prairies temporaires;Groupe d'indicateurs;050.07;Superficie concernée;10740;OUI
SAANR_FOURRAGE_2;2002;FR;METRO;NR24;18;Cultures développées;3.12.1.12;Prairies temporaires;Groupe d'indicateurs;070.02;Rendement matière sèche;60;OUI
SAANR_FOURRAGE_2;2002;FR;METRO;NR24;28;Cultures développées;3.12.1.12;Prairies temporaires;Groupe d'indicateurs;070.02;Rendement matière sèche;85;OUI
SAANR_FOURRAGE_2;2002;FR;METRO;NR24;36;Cultures développées;3.12.1.12;Prairies temporaires;Groupe d'indicateurs;070.02;Rendement matière sèche;70;OUI
SAANR_FOURRAGE_2;2002;FR;METRO;NR24;37;Cultures développées;3.12.1.12;Prairies temporaires;Groupe d'indicateurs;070.02;Rendement matière sèche;57;OUI
SAANR_FOURRAGE_2;2002;FR;METRO;NR24;41;Cultures développées;3.12.1.12;Prairies temporaires;Groupe d'indicateurs;070.02;Rendement matière sèche;68;OUI
SAANR_FOURRAGE_2;2002;FR;METRO;NR24;45;Cultures développées;3.12.1.12;Prairies temporaires;Groupe d'indicateurs;070.02;Rendement matière sèche;61;OUI
SAANR_FOURRAGE_2;2002;FR;METRO;NR24;18;Cultures développées;3.12.2;Superficie toujours en herbe (STH);Groupe d'indicateurs;020.08;Production séche (volume);4654469;OUI
SAANR_FOURRAGE_2;2002;FR;METRO;NR24;28;Cultures développées;3.12.2;Superficie toujours en herbe (STH);Groupe d'indicateurs;020.08;Production séche (volume);1392073;OUI
SAANR_FOURRAGE_2;2002;FR;METRO;NR24;36;Cultures développées;3.12.2;Superficie toujours en herbe (STH);Groupe d'indicateurs;020.08;Production séche (volume);8045927;OUI
SAANR_FOURRAGE_2;2002;FR;METRO;NR24;37;Cultures développées;3.12.2;Superficie toujours en herbe (STH);Groupe d'indicateurs;020.08;Production séche (volume);1426536;OUI
SAANR_FOURRAGE_2;2002;FR;METRO;NR24;41;Cultures développées;3.12.2;Superficie toujours en herbe (STH);Groupe d'indicateurs;020.08;Production séche (volume);682473;OUI
SAANR_FOURRAGE_2;2002;FR;METRO;NR24;45;Cultures développées;3.12.2;Superficie toujours en herbe (STH);Groupe d'indicateurs;020.08;Production séche (volume);394464;OUI
SAANR_FOURRAGE_2;2002;FR;METRO;NR24;18;Cultures développées;3.12.2;Superficie toujours en herbe (STH);Groupe d'indicateurs;050.07;Superficie concernée;110061;OUI
SAANR_FOURRAGE_2;2002;FR;METRO;NR24;28;Cultures développées;3.12.2;Superficie toujours en herbe (STH);Groupe d'indicateurs;050.07;Superficie concernée;22933;OUI
SAANR_FOURRAGE_2;2002;FR;METRO;NR24;36;Cultures développées;3.12.2;Superficie toujours en herbe (STH);Groupe d'indicateurs;050.07;Superficie concernée;147909;OUI
SAANR_FOURRAGE_2;2002;FR;METRO;NR24;37;Cultures développées;3.12.2;Superficie toujours en herbe (STH);Groupe d'indicateurs;050.07;Superficie concernée;36402;OUI
SAANR_FOURRAGE_2;2002;FR;METRO;NR24;41;Cultures développées;3.12.2;Superficie toujours en herbe (STH);Groupe d'indicateurs;050.07;Superficie concernée;18959;OUI
SAANR_FOURRAGE_2;2002;FR;METRO;NR24;45;Cultures développées;3.12.2;Superficie toujours en herbe (STH);Groupe d'indicateurs;050.07;Superficie concernée;10158;OUI
SAANR_FOURRAGE_2;2002;FR;METRO;NR24;18;Cultures développées;3.12.2;Superficie toujours en herbe (STH);Groupe d'indicateurs;070.02;Rendement matière sèche;42.3;OUI
SAANR_FOURRAGE_2;2002;FR;METRO;NR24;28;Cultures développées;3.12.2;Superficie toujours en herbe (STH);Groupe d'indicateurs;070.02;Rendement matière sèche;60.7;OUI
SAANR_FOURRAGE_2;2002;FR;METRO;NR24;36;Cultures développées;3.12.2;Superficie toujours en herbe (STH);Groupe d'indicateurs;070.02;Rendement matière sèche;54.4;OUI
SAANR_FOURRAGE_2;2002;FR;METRO;NR24;37;Cultures développées;3.12.2;Superficie toujours en herbe (STH);Groupe d'indicateurs;070.02;Rendement matière sèche;39.2;OUI
SAANR_FOURRAGE_2;2002;FR;METRO;NR24;41;Cultures développées;3.12.2;Superficie toujours en herbe (STH);Groupe d'indicateurs;070.02;Rendement matière sèche;36;OUI
SAANR_FOURRAGE_2;2002;FR;METRO;NR24;45;Cultures développées;3.12.2;Superficie toujours en herbe (STH);Groupe d'indicateurs;070.02;Rendement matière sèche;38.8;OUI
SAANR_FOURRAGE_2;2002;FR;METRO;NR24;18;Cultures développées;3.12.2.11;Prairies naturelles ou semées depuis plus de 6 ans;Groupe d'indicateurs;020.08;Production séche (volume);4586509;OUI
SAANR_FOURRAGE_2;2002;FR;METRO;NR24;28;Cultures développées;3.12.2.11;Prairies naturelles ou semées depuis plus de 6 ans;Groupe d'indicateurs;020.08;Production séche (volume);1387323;OUI
SAANR_FOURRAGE_2;2002;FR;METRO;NR24;36;Cultures développées;3.12.2.11;Prairies naturelles ou semées depuis plus de 6 ans;Groupe d'indicateurs;020.08;Production séche (volume);7960040;OUI
SAANR_FOURRAGE_2;2002;FR;METRO;NR24;37;Cultures développées;3.12.2.11;Prairies naturelles ou semées depuis plus de 6 ans;Groupe d'indicateurs;020.08;Production séche (volume);1308360;OUI
SAANR_FOURRAGE_2;2002;FR;METRO;NR24;41;Cultures développées;3.12.2.11;Prairies naturelles ou semées depuis plus de 6 ans;Groupe d'indicateurs;020.08;Production séche (volume);646893;OUI
SAANR_FOURRAGE_2;2002;FR;METRO;NR24;45;Cultures développées;3.12.2.11;Prairies naturelles ou semées depuis plus de 6 ans;Groupe d'indicateurs;020.08;Production séche (volume);362292;OUI
SAANR_FOURRAGE_2;2002;FR;METRO;NR24;18;Cultures développées;3.12.2.11;Prairies naturelles ou semées depuis plus de 6 ans;Groupe d'indicateurs;050.07;Superficie concernée;106663;OUI
SAANR_FOURRAGE_2;2002;FR;METRO;NR24;28;Cultures développées;3.12.2.11;Prairies naturelles ou semées depuis plus de 6 ans;Groupe d'indicateurs;050.07;Superficie concernée;22743;OUI
SAANR_FOURRAGE_2;2002;FR;METRO;NR24;36;Cultures développées;3.12.2.11;Prairies naturelles ou semées depuis plus de 6 ans;Groupe d'indicateurs;050.07;Superficie concernée;144728;OUI
SAANR_FOURRAGE_2;2002;FR;METRO;NR24;37;Cultures développées;3.12.2.11;Prairies naturelles ou semées depuis plus de 6 ans;Groupe d'indicateurs;050.07;Superficie concernée;32709;OUI
SAANR_FOURRAGE_2;2002;FR;METRO;NR24;41;Cultures développées;3.12.2.11;Prairies naturelles ou semées depuis plus de 6 ans;Groupe d'indicateurs;050.07;Superficie concernée;16587;OUI
SAANR_FOURRAGE_2;2002;FR;METRO;NR24;45;Cultures développées;3.12.2.11;Prairies naturelles ou semées depuis plus de 6 ans;Groupe d'indicateurs;050.07;Superficie concernée;8626;OUI
SAANR_FOURRAGE_2;2002;FR;METRO;NR24;18;Cultures développées;3.12.2.11;Prairies naturelles ou semées depuis plus de 6 ans;Groupe d'indicateurs;070.02;Rendement matière sèche;43;OUI
SAANR_FOURRAGE_2;2002;FR;METRO;NR24;28;Cultures développées;3.12.2.11;Prairies naturelles ou semées depuis plus de 6 ans;Groupe d'indicateurs;070.02;Rendement matière sèche;61;OUI
SAANR_FOURRAGE_2;2002;FR;METRO;NR24;36;Cultures développées;3.12.2.11;Prairies naturelles ou semées depuis plus de 6 ans;Groupe d'indicateurs;070.02;Rendement matière sèche;55;OUI
SAANR_FOURRAGE_2;2002;FR;METRO;NR24;37;Cultures développées;3.12.2.11;Prairies naturelles ou semées depuis plus de 6 ans;Groupe d'indicateurs;070.02;Rendement matière sèche;40;OUI
SAANR_FOURRAGE_2;2002;FR;METRO;NR24;41;Cultures développées;3.12.2.11;Prairies naturelles ou semées depuis plus de 6 ans;Groupe d'indicateurs;070.02;Rendement matière sèche;39;OUI
SAANR_FOURRAGE_2;2002;FR;METRO;NR24;45;Cultures développées;3.12.2.11;Prairies naturelles ou semées depuis plus de 6 ans;Groupe d'indicateurs;070.02;Rendement matière sèche;42;OUI
SAANR_FOURRAGE_2;2002;FR;METRO;NR24;18;Cultures développées;3.12.2.12;STH (Superficies toujours en herbe) peu productives (pâturages pauvres);Groupe d'indicateurs;020.08;Production séche (volume);67960;OUI
SAANR_FOURRAGE_2;2002;FR;METRO;NR24;28;Cultures développées;3.12.2.12;STH (Superficies toujours en herbe) peu productives (pâturages pauvres);Groupe d'indicateurs;020.08;Production séche (volume);4750;OUI
SAANR_FOURRAGE_2;2002;FR;METRO;NR24;36;Cultures développées;3.12.2.12;STH (Superficies toujours en herbe) peu productives (pâturages pauvres);Groupe d'indicateurs;020.08;Production séche (volume);85887;OUI
SAANR_FOURRAGE_2;2002;FR;METRO;NR24;37;Cultures développées;3.12.2.12;STH (Superficies toujours en herbe) peu productives (pâturages pauvres);Groupe d'indicateurs;020.08;Production séche (volume);118176;OUI
SAANR_FOURRAGE_2;2002;FR;METRO;NR24;41;Cultures développées;3.12.2.12;STH (Superficies toujours en herbe) peu productives (pâturages pauvres);Groupe d'indicateurs;020.08;Production séche (volume);35580;OUI
SAANR_FOURRAGE_2;2002;FR;METRO;NR24;45;Cultures développées;3.12.2.12;STH (Superficies toujours en herbe) peu productives (pâturages pauvres);Groupe d'indicateurs;020.08;Production séche (volume);32172;OUI
SAANR_FOURRAGE_2;2002;FR;METRO;NR24;18;Cultures développées;3.12.2.12;STH (Superficies toujours en herbe) peu productives (pâturages pauvres);Groupe d'indicateurs;050.07;Superficie concernée;3398;OUI
SAANR_FOURRAGE_2;2002;FR;METRO;NR24;28;Cultures développées;3.12.2.12;STH (Superficies toujours en herbe) peu productives (pâturages pauvres);Groupe d'indicateurs;050.07;Superficie concernée;190;OUI
SAANR_FOURRAGE_2;2002;FR;METRO;NR24;36;Cultures développées;3.12.2.12;STH (Superficies toujours en herbe) peu productives (pâturages pauvres);Groupe d'indicateurs;050.07;Superficie concernée;3181;OUI
SAANR_FOURRAGE_2;2002;FR;METRO;NR24;37;Cultures développées;3.12.2.12;STH (Superficies toujours en herbe) peu productives (pâturages pauvres);Groupe d'indicateurs;050.07;Superficie concernée;3693;OUI
SAANR_FOURRAGE_2;2002;FR;METRO;NR24;41;Cultures développées;3.12.2.12;STH (Superficies toujours en herbe) peu productives (pâturages pauvres);Groupe d'indicateurs;050.07;Superficie concernée;2372;OUI
SAANR_FOURRAGE_2;2002;FR;METRO;NR24;45;Cultures développées;3.12.2.12;STH (Superficies toujours en herbe) peu productives (pâturages pauvres);Groupe d'indicateurs;050.07;Superficie concernée;1532;OUI
SAANR_FOURRAGE_2;2002;FR;METRO;NR24;18;Cultures développées;3.12.2.12;STH (Superficies toujours en herbe) peu productives (pâturages pauvres);Groupe d'indicateurs;070.02;Rendement matière sèche;20;OUI
SAANR_FOURRAGE_2;2002;FR;METRO;NR24;28;Cultures développées;3.12.2.12;STH (Superficies toujours en herbe) peu productives (pâturages pauvres);Groupe d'indicateurs;070.02;Rendement matière sèche;25;OUI
SAANR_FOURRAGE_2;2002;FR;METRO;NR24;36;Cultures développées;3.12.2.12;STH (Superficies toujours en herbe) peu productives (pâturages pauvres);Groupe d'indicateurs;070.02;Rendement matière sèche;27;OUI
SAANR_FOURRAGE_2;2002;FR;METRO;NR24;37;Cultures développées;3.12.2.12;STH (Superficies toujours en herbe) peu productives (pâturages pauvres);Groupe d'indicateurs;070.02;Rendement matière sèche;32;OUI
SAANR_FOURRAGE_2;2002;FR;METRO;NR24;41;Cultures développées;3.12.2.12;STH (Superficies toujours en herbe) peu productives (pâturages pauvres);Groupe d'indicateurs;070.02;Rendement matière sèche;15;OUI
SAANR_FOURRAGE_2;2002;FR;METRO;NR24;45;Cultures développées;3.12.2.12;STH (Superficies toujours en herbe) peu productives (pâturages pauvres);Groupe d'indicateurs;070.02;Rendement matière sèche;21;OUI
SAANR_FOURRAGE_2;2002;FR;METRO;NR27;21;Cultures développées;3;Fourrages annuels, prairies non permanentes et STH;Groupe d'indicateurs;020.08;Production séche (volume);5115804;OUI
SAANR_FOURRAGE_2;2002;FR;METRO;NR27;25;Cultures développées;3;Fourrages annuels, prairies non permanentes et STH;Groupe d'indicateurs;020.08;Production séche (volume);10789425;OUI
SAANR_FOURRAGE_2;2002;FR;METRO;NR27;39;Cultures développées;3;Fourrages annuels, prairies non permanentes et STH;Groupe d'indicateurs;020.08;Production séche (volume);7264687;OUI
SAANR_FOURRAGE_2;2002;FR;METRO;NR27;58;Cultures développées;3;Fourrages annuels, prairies non permanentes et STH;Groupe d'indicateurs;020.08;Production séche (volume);12477112;OUI
SAANR_FOURRAGE_2;2002;FR;METRO;NR27;70;Cultures développées;3;Fourrages annuels, prairies non permanentes et STH;Groupe d'indicateurs;020.08;Production séche (volume);8924603;OUI
SAANR_FOURRAGE_2;2002;FR;METRO;NR27;71;Cultures développées;3;Fourrages annuels, prairies non permanentes et STH;Groupe d'indicateurs;020.08;Production séche (volume);23196384;OUI
SAANR_FOURRAGE_2;2002;FR;METRO;NR27;89;Cultures développées;3;Fourrages annuels, prairies non permanentes et STH;Groupe d'indicateurs;020.08;Production séche (volume);4700545;OUI
SAANR_FOURRAGE_2;2002;FR;METRO;NR27;90;Cultures développées;3;Fourrages annuels, prairies non permanentes et STH;Groupe d'indicateurs;020.08;Production séche (volume);822253;OUI
SAANR_FOURRAGE_2;2002;FR;METRO;NR27;21;Cultures développées;3;Fourrages annuels, prairies non permanentes et STH;Groupe d'indicateurs;050.07;Superficie concernée;164473;OUI
SAANR_FOURRAGE_2;2002;FR;METRO;NR27;25;Cultures développées;3;Fourrages annuels, prairies non permanentes et STH;Groupe d'indicateurs;050.07;Superficie concernée;209453;OUI
SAANR_FOURRAGE_2;2002;FR;METRO;NR27;39;Cultures développées;3;Fourrages annuels, prairies non permanentes et STH;Groupe d'indicateurs;050.07;Superficie concernée;152706;OUI
SAANR_FOURRAGE_2;2002;FR;METRO;NR27;58;Cultures développées;3;Fourrages annuels, prairies non permanentes et STH;Groupe d'indicateurs;050.07;Superficie concernée;252609;OUI
SAANR_FOURRAGE_2;2002;FR;METRO;NR27;70;Cultures développées;3;Fourrages annuels, prairies non permanentes et STH;Groupe d'indicateurs;050.07;Superficie concernée;152128;OUI
SAANR_FOURRAGE_2;2002;FR;METRO;NR27;71;Cultures développées;3;Fourrages annuels, prairies non permanentes et STH;Groupe d'indicateurs;050.07;Superficie concernée;423072;OUI
SAANR_FOURRAGE_2;2002;FR;METRO;NR27;89;Cultures développées;3;Fourrages annuels, prairies non permanentes et STH;Groupe d'indicateurs;050.07;Superficie concernée;89979;OUI
SAANR_FOURRAGE_2;2002;FR;METRO;NR27;90;Cultures développées;3;Fourrages annuels, prairies non permanentes et STH;Groupe d'indicateurs;050.07;Superficie concernée;14253;OUI
SAANR_FOURRAGE_2;2002;FR;METRO;NR27;21;Cultures développées;3;Fourrages annuels, prairies non permanentes et STH;Groupe d'indicateurs;070.02;Rendement matière sèche;;OUI
SAANR_FOURRAGE_2;2002;FR;METRO;NR27;25;Cultures développées;3;Fourrages annuels, prairies non permanentes et STH;Groupe d'indicateurs;070.02;Rendement matière sèche;;OUI
SAANR_FOURRAGE_2;2002;FR;METRO;NR27;39;Cultures développées;3;Fourrages annuels, prairies non permanentes et STH;Groupe d'indicateurs;070.02;Rendement matière sèche;;OUI
SAANR_FOURRAGE_2;2002;FR;METRO;NR27;58;Cultures développées;3;Fourrages annuels, prairies non permanentes et STH;Groupe d'indicateurs;070.02;Rendement matière sèche;;OUI
SAANR_FOURRAGE_2;2002;FR;METRO;NR27;70;Cultures développées;3;Fourrages annuels, prairies non permanentes et STH;Groupe d'indicateurs;070.02;Rendement matière sèche;;OUI
SAANR_FOURRAGE_2;2002;FR;METRO;NR27;71;Cultures développées;3;Fourrages annuels, prairies non permanentes et STH;Groupe d'indicateurs;070.02;Rendement matière sèche;;OUI
SAANR_FOURRAGE_2;2002;FR;METRO;NR27;89;Cultures développées;3;Fourrages annuels, prairies non permanentes et STH;Groupe d'indicateurs;070.02;Rendement matière sèche;;OUI
SAANR_FOURRAGE_2;2002;FR;METRO;NR27;90;Cultures développées;3;Fourrages annuels, prairies non permanentes et STH;Groupe d'indicateurs;070.02;Rendement matière sèche;;OUI
SAANR_FOURRAGE_2;2002;FR;METRO;NR27;21;Cultures développées;3.11;Fourrages annuels;Groupe d'indicateurs;020.08;Production séche (volume);476000;OUI
SAANR_FOURRAGE_2;2002;FR;METRO;NR27;25;Cultures développées;3.11;Fourrages annuels;Groupe d'indicateurs;020.08;Production séche (volume);583440;OUI
SAANR_FOURRAGE_2;2002;FR;METRO;NR27;39;Cultures développées;3.11;Fourrages annuels;Groupe d'indicateurs;020.08;Production séche (volume);417128;OUI
SAANR_FOURRAGE_2;2002;FR;METRO;NR27;58;Cultures développées;3.11;Fourrages annuels;Groupe d'indicateurs;020.08;Production séche (volume);501140;OUI
SAANR_FOURRAGE_2;2002;FR;METRO;NR27;70;Cultures développées;3.11;Fourrages annuels;Groupe d'indicateurs;020.08;Production séche (volume);1452912;OUI
SAANR_FOURRAGE_2;2002;FR;METRO;NR27;71;Cultures développées;3.11;Fourrages annuels;Groupe d'indicateurs;020.08;Production séche (volume);1490429;OUI
SAANR_FOURRAGE_2;2002;FR;METRO;NR27;89;Cultures développées;3.11;Fourrages annuels;Groupe d'indicateurs;020.08;Production séche (volume);918440;OUI
SAANR_FOURRAGE_2;2002;FR;METRO;NR27;90;Cultures développées;3.11;Fourrages annuels;Groupe d'indicateurs;020.08;Production séche (volume);167520;OUI
SAANR_FOURRAGE_2;2002;FR;METRO;NR27;21;Cultures développées;3.11;Fourrages annuels;Groupe d'indicateurs;050.07;Superficie concernée;6800;OUI
SAANR_FOURRAGE_2;2002;FR;METRO;NR27;25;Cultures développées;3.11;Fourrages annuels;Groupe d'indicateurs;050.07;Superficie concernée;4862;OUI
SAANR_FOURRAGE_2;2002;FR;METRO;NR27;39;Cultures développées;3.11;Fourrages annuels;Groupe d'indicateurs;050.07;Superficie concernée;2948;OUI
SAANR_FOURRAGE_2;2002;FR;METRO;NR27;58;Cultures développées;3.11;Fourrages annuels;Groupe d'indicateurs;050.07;Superficie concernée;5219;OUI
SAANR_FOURRAGE_2;2002;FR;METRO;NR27;70;Cultures développées;3.11;Fourrages annuels;Groupe d'indicateurs;050.07;Superficie concernée;10856;OUI
SAANR_FOURRAGE_2;2002;FR;METRO;NR27;71;Cultures développées;3.11;Fourrages annuels;Groupe d'indicateurs;050.07;Superficie concernée;11389;OUI
SAANR_FOURRAGE_2;2002;FR;METRO;NR27;89;Cultures développées;3.11;Fourrages annuels;Groupe d'indicateurs;050.07;Superficie concernée;8492;OUI
SAANR_FOURRAGE_2;2002;FR;METRO;NR27;90;Cultures développées;3.11;Fourrages annuels;Groupe d'indicateurs;050.07;Superficie concernée;1396;OUI
SAANR_FOURRAGE_2;2002;FR;METRO;NR27;21;Cultures développées;3.11;Fourrages annuels;Groupe d'indicateurs;070.02;Rendement matière sèche;;OUI
SAANR_FOURRAGE_2;2002;FR;METRO;NR27;25;Cultures développées;3.11;Fourrages annuels;Groupe d'indicateurs;070.02;Rendement matière sèche;;OUI
SAANR_FOURRAGE_2;2002;FR;METRO;NR27;39;Cultures développées;3.11;Fourrages annuels;Groupe d'indicateurs;070.02;Rendement matière sèche;;OUI
SAANR_FOURRAGE_2;2002;FR;METRO;NR27;58;Cultures développées;3.11;Fourrages annuels;Groupe d'indicateurs;070.02;Rendement matière sèche;;OUI
SAANR_FOURRAGE_2;2002;FR;METRO;NR27;70;Cultures développées;3.11;Fourrages annuels;Groupe d'indicateurs;070.02;Rendement matière sèche;;OUI
SAANR_FOURRAGE_2;2002;FR;METRO;NR27;71;Cultures développées;3.11;Fourrages annuels;Groupe d'indicateurs;070.02;Rendement matière sèche;;OUI
SAANR_FOURRAGE_2;2002;FR;METRO;NR27;89;Cultures développées;3.11;Fourrages annuels;Groupe d'indicateurs;070.02;Rendement matière sèche;;OUI
SAANR_FOURRAGE_2;2002;FR;METRO;NR27;90;Cultures développées;3.11;Fourrages annuels;Groupe d'indicateurs;070.02;Rendement matière sèche;;OUI
SAANR_FOURRAGE_2;2002;FR;METRO;NR27;21;Cultures développées;3.11.1;Maïs fourrage et ensilage (plante entière);Groupe d'indicateurs;020.08;Production séche (volume);476000;OUI
SAANR_FOURRAGE_2;2002;FR;METRO;NR27;25;Cultures développées;3.11.1;Maïs fourrage et ensilage (plante entière);Groupe d'indicateurs;020.08;Production séche (volume);583440;OUI
SAANR_FOURRAGE_2;2002;FR;METRO;NR27;39;Cultures développées;3.11.1;Maïs fourrage et ensilage (plante entière);Groupe d'indicateurs;020.08;Production séche (volume);415208;OUI
SAANR_FOURRAGE_2;2002;FR;METRO;NR27;58;Cultures développées;3.11.1;Maïs fourrage et ensilage (plante entière);Groupe d'indicateurs;020.08;Production séche (volume);470000;OUI
SAANR_FOURRAGE_2;2002;FR;METRO;NR27;70;Cultures développées;3.11.1;Maïs fourrage et ensilage (plante entière);Groupe d'indicateurs;020.08;Production séche (volume);1440450;OUI
SAANR_FOURRAGE_2;2002;FR;METRO;NR27;71;Cultures développées;3.11.1;Maïs fourrage et ensilage (plante entière);Groupe d'indicateurs;020.08;Production séche (volume);1460600;OUI
SAANR_FOURRAGE_2;2002;FR;METRO;NR27;89;Cultures développées;3.11.1;Maïs fourrage et ensilage (plante entière);Groupe d'indicateurs;020.08;Production séche (volume);891000;OUI
SAANR_FOURRAGE_2;2002;FR;METRO;NR27;90;Cultures développées;3.11.1;Maïs fourrage et ensilage (plante entière);Groupe d'indicateurs;020.08;Production séche (volume);167520;OUI
SAANR_FOURRAGE_2;2002;FR;METRO;NR27;21;Cultures développées;3.11.1;Maïs fourrage et ensilage (plante entière);Groupe d'indicateurs;050.07;Superficie concernée;6800;OUI
SAANR_FOURRAGE_2;2002;FR;METRO;NR27;25;Cultures développées;3.11.1;Maïs fourrage et ensilage (plante entière);Groupe d'indicateurs;050.07;Superficie concernée;4862;OUI
SAANR_FOURRAGE_2;2002;FR;METRO;NR27;39;Cultures développées;3.11.1;Maïs fourrage et ensilage (plante entière);Groupe d'indicateurs;050.07;Superficie concernée;2924;OUI
SAANR_FOURRAGE_2;2002;FR;METRO;NR27;58;Cultures développées;3.11.1;Maïs fourrage et ensilage (plante entière);Groupe d'indicateurs;050.07;Superficie concernée;4700;OUI
SAANR_FOURRAGE_2;2002;FR;METRO;NR27;70;Cultures développées;3.11.1;Maïs fourrage et ensilage (plante entière);Groupe d'indicateurs;050.07;Superficie concernée;10670;OUI
SAANR_FOURRAGE_2;2002;FR;METRO;NR27;71;Cultures développées;3.11.1;Maïs fourrage et ensilage (plante entière);Groupe d'indicateurs;050.07;Superficie concernée;10900;OUI
SAANR_FOURRAGE_2;2002;FR;METRO;NR27;89;Cultures développées;3.11.1;Maïs fourrage et ensilage (plante entière);Groupe d'indicateurs;050.07;Superficie concernée;8100;OUI
SAANR_FOURRAGE_2;2002;FR;METRO;NR27;90;Cultures développées;3.11.1;Maïs fourrage et ensilage (plante entière);Groupe d'indicateurs;050.07;Superficie concernée;1396;OUI
SAANR_FOURRAGE_2;2002;FR;METRO;NR27;21;Cultures développées;3.11.1;Maïs fourrage et ensilage (plante entière);Groupe d'indicateurs;070.02;Rendement matière sèche;70;OUI
SAANR_FOURRAGE_2;2002;FR;METRO;NR27;25;Cultures développées;3.11.1;Maïs fourrage et ensilage (plante entière);Groupe d'indicateurs;070.02;Rendement matière sèche;120;OUI
SAANR_FOURRAGE_2;2002;FR;METRO;NR27;39;Cultures développées;3.11.1;Maïs fourrage et ensilage (plante entière);Groupe d'indicateurs;070.02;Rendement matière sèche;142;OUI
SAANR_FOURRAGE_2;2002;FR;METRO;NR27;58;Cultures développées;3.11.1;Maïs fourrage et ensilage (plante entière);Groupe d'indicateurs;070.02;Rendement matière sèche;100;OUI
SAANR_FOURRAGE_2;2002;FR;METRO;NR27;70;Cultures développées;3.11.1;Maïs fourrage et ensilage (plante entière);Groupe d'indicateurs;070.02;Rendement matière sèche;135;OUI
SAANR_FOURRAGE_2;2002;FR;METRO;NR27;71;Cultures développées;3.11.1;Maïs fourrage et ensilage (plante entière);Groupe d'indicateurs;070.02;Rendement matière sèche;134;OUI
SAANR_FOURRAGE_2;2002;FR;METRO;NR27;89;Cultures développées;3.11.1;Maïs fourrage et ensilage (plante entière);Groupe d'indicateurs;070.02;Rendement matière sèche;110;OUI
SAANR_FOURRAGE_2;2002;FR;METRO;NR27;90;Cultures développées;3.11.1;Maïs fourrage et ensilage (plante entière);Groupe d'indicateurs;070.02;Rendement matière sèche;120;OUI
SAANR_FOURRAGE_2;2002;FR;METRO;NR27;21;Cultures développées;3.11.1.12;Maïs fourrage et ensilage (plante entière) non irrigué;Groupe d'indicateurs;020.08;Production séche (volume);476000;OUI
SAANR_FOURRAGE_2;2002;FR;METRO;NR27;25;Cultures développées;3.11.1.12;Maïs fourrage et ensilage (plante entière) non irrigué;Groupe d'indicateurs;020.08;Production séche (volume);583440;OUI
SAANR_FOURRAGE_2;2002;FR;METRO;NR27;39;Cultures développées;3.11.1.12;Maïs fourrage et ensilage (plante entière) non irrigué;Groupe d'indicateurs;020.08;Production séche (volume);415208;OUI
SAANR_FOURRAGE_2;2002;FR;METRO;NR27;58;Cultures développées;3.11.1.12;Maïs fourrage et ensilage (plante entière) non irrigué;Groupe d'indicateurs;020.08;Production séche (volume);470000;OUI
SAANR_FOURRAGE_2;2002;FR;METRO;NR27;70;Cultures développées;3.11.1.12;Maïs fourrage et ensilage (plante entière) non irrigué;Groupe d'indicateurs;020.08;Production séche (volume);1440450;OUI
SAANR_FOURRAGE_2;2002;FR;METRO;NR27;71;Cultures développées;3.11.1.12;Maïs fourrage et ensilage (plante entière) non irrigué;Groupe d'indicateurs;020.08;Production séche (volume);1460600;OUI
SAANR_FOURRAGE_2;2002;FR;METRO;NR27;89;Cultures développées;3.11.1.12;Maïs fourrage et ensilage (plante entière) non irrigué;Groupe d'indicateurs;020.08;Production séche (volume);891000;OUI
SAANR_FOURRAGE_2;2002;FR;METRO;NR27;90;Cultures développées;3.11.1.12;Maïs fourrage et ensilage (plante entière) non irrigué;Groupe d'indicateurs;020.08;Production séche (volume);167520;OUI
SAANR_FOURRAGE_2;2002;FR;METRO;NR27;21;Cultures développées;3.11.1.12;Maïs fourrage et ensilage (plante entière) non irrigué;Groupe d'indicateurs;050.07;Superficie concernée;6800;OUI
SAANR_FOURRAGE_2;2002;FR;METRO;NR27;25;Cultures développées;3.11.1.12;Maïs fourrage et ensilage (plante entière) non irrigué;Groupe d'indicateurs;050.07;Superficie concernée;4862;OUI
SAANR_FOURRAGE_2;2002;FR;METRO;NR27;39;Cultures développées;3.11.1.12;Maïs fourrage et ensilage (plante entière) non irrigué;Groupe d'indicateurs;050.07;Superficie concernée;2924;OUI
SAANR_FOURRAGE_2;2002;FR;METRO;NR27;58;Cultures développées;3.11.1.12;Maïs fourrage et ensilage (plante entière) non irrigué;Groupe d'indicateurs;050.07;Superficie concernée;4700;OUI
SAANR_FOURRAGE_2;2002;FR;METRO;NR27;70;Cultures développées;3.11.1.12;Maïs fourrage et ensilage (plante entière) non irrigué;Groupe d'indicateurs;050.07;Superficie concernée;10670;OUI
SAANR_FOURRAGE_2;2002;FR;METRO;NR27;71;Cultures développées;3.11.1.12;Maïs fourrage et ensilage (plante entière) non irrigué;Groupe d'indicateurs;050.07;Superficie concernée;10900;OUI
SAANR_FOURRAGE_2;2002;FR;METRO;NR27;89;Cultures développées;3.11.1.12;Maïs fourrage et ensilage (plante entière) non irrigué;Groupe d'indicateurs;050.07;Superficie concernée;8100;OUI
SAANR_FOURRAGE_2;2002;FR;METRO;NR27;90;Cultures développées;3.11.1.12;Maïs fourrage et ensilage (plante entière) non irrigué;Groupe d'indicateurs;050.07;Superficie concernée;1396;OUI
SAANR_FOURRAGE_2;2002;FR;METRO;NR27;21;Cultures développées;3.11.1.12;Maïs fourrage et ensilage (plante entière) non irrigué;Groupe d'indicateurs;070.02;Rendement matière sèche;70;OUI
SAANR_FOURRAGE_2;2002;FR;METRO;NR27;25;Cultures développées;3.11.1.12;Maïs fourrage et ensilage (plante entière) non irrigué;Groupe d'indicateurs;070.02;Rendement matière sèche;120;OUI
SAANR_FOURRAGE_2;2002;FR;METRO;NR27;39;Cultures développées;3.11.1.12;Maïs fourrage et ensilage (plante entière) non irrigué;Groupe d'indicateurs;070.02;Rendement matière sèche;142;OUI
SAANR_FOURRAGE_2;2002;FR;METRO;NR27;58;Cultures développées;3.11.1.12;Maïs fourrage et ensilage (plante entière) non irrigué;Groupe d'indicateurs;070.02;Rendement matière sèche;100;OUI
SAANR_FOURRAGE_2;2002;FR;METRO;NR27;70;Cultures développées;3.11.1.12;Maïs fourrage et ensilage (plante entière) non irrigué;Groupe d'indicateurs;070.02;Rendement matière sèche;135;OUI
SAANR_FOURRAGE_2;2002;FR;METRO;NR27;71;Cultures développées;3.11.1.12;Maïs fourrage et ensilage (plante entière) non irrigué;Groupe d'indicateurs;070.02;Rendement matière sèche;134;OUI
SAANR_FOURRAGE_2;2002;FR;METRO;NR27;89;Cultures développées;3.11.1.12;Maïs fourrage et ensilage (plante entière) non irrigué;Groupe d'indicateurs;070.02;Rendement matière sèche;110;OUI
SAANR_FOURRAGE_2;2002;FR;METRO;NR27;90;Cultures développées;3.11.1.12;Maïs fourrage et ensilage (plante entière) non irrigué;Groupe d'indicateurs;070.02;Rendement matière sèche;120;OUI
SAANR_FOURRAGE_2;2002;FR;METRO;NR27;21;Cultures développées;3.11.9;Autres fourrages annuels, n.c.a.;Groupe d'indicateurs;020.08;Production séche (volume);0;OUI
SAANR_FOURRAGE_2;2002;FR;METRO;NR27;25;Cultures développées;3.11.9;Autres fourrages annuels, n.c.a.;Groupe d'indicateurs;020.08;Production séche (volume);0;OUI
SAANR_FOURRAGE_2;2002;FR;METRO;NR27;39;Cultures développées;3.11.9;Autres fourrages annuels, n.c.a.;Groupe d'indicateurs;020.08;Production séche (volume);1920;OUI
SAANR_FOURRAGE_2;2002;FR;METRO;NR27;58;Cultures développées;3.11.9;Autres fourrages annuels, n.c.a.;Groupe d'indicateurs;020.08;Production séche (volume);31140;OUI
SAANR_FOURRAGE_2;2002;FR;METRO;NR27;70;Cultures développées;3.11.9;Autres fourrages annuels, n.c.a.;Groupe d'indicateurs;020.08;Production séche (volume);12462;OUI
SAANR_FOURRAGE_2;2002;FR;METRO;NR27;71;Cultures développées;3.11.9;Autres fourrages annuels, n.c.a.;Groupe d'indicateurs;020.08;Production séche (volume);29829;OUI
SAANR_FOURRAGE_2;2002;FR;METRO;NR27;89;Cultures développées;3.11.9;Autres fourrages annuels, n.c.a.;Groupe d'indicateurs;020.08;Production séche (volume);27440;OUI
SAANR_FOURRAGE_2;2002;FR;METRO;NR27;90;Cultures développées;3.11.9;Autres fourrages annuels, n.c.a.;Groupe d'indicateurs;020.08;Production séche (volume);0;OUI
SAANR_FOURRAGE_2;2002;FR;METRO;NR27;21;Cultures développées;3.11.9;Autres fourrages annuels, n.c.a.;Groupe d'indicateurs;050.07;Superficie concernée;0;OUI
SAANR_FOURRAGE_2;2002;FR;METRO;NR27;25;Cultures développées;3.11.9;Autres fourrages annuels, n.c.a.;Groupe d'indicateurs;050.07;Superficie concernée;0;OUI
SAANR_FOURRAGE_2;2002;FR;METRO;NR27;39;Cultures développées;3.11.9;Autres fourrages annuels, n.c.a.;Groupe d'indicateurs;050.07;Superficie concernée;24;OUI
SAANR_FOURRAGE_2;2002;FR;METRO;NR27;58;Cultures développées;3.11.9;Autres fourrages annuels, n.c.a.;Groupe d'indicateurs;050.07;Superficie concernée;519;OUI
SAANR_FOURRAGE_2;2002;FR;METRO;NR27;70;Cultures développées;3.11.9;Autres fourrages annuels, n.c.a.;Groupe d'indicateurs;050.07;Superficie concernée;186;OUI
SAANR_FOURRAGE_2;2002;FR;METRO;NR27;71;Cultures développées;3.11.9;Autres fourrages annuels, n.c.a.;Groupe d'indicateurs;050.07;Superficie concernée;489;OUI
SAANR_FOURRAGE_2;2002;FR;METRO;NR27;89;Cultures développées;3.11.9;Autres fourrages annuels, n.c.a.;Groupe d'indicateurs;050.07;Superficie concernée;392;OUI
SAANR_FOURRAGE_2;2002;FR;METRO;NR27;90;Cultures développées;3.11.9;Autres fourrages annuels, n.c.a.;Groupe d'indicateurs;050.07;Superficie concernée;0;OUI
SAANR_FOURRAGE_2;2002;FR;METRO;NR27;21;Cultures développées;3.12;Prairies non permanentes et STH;Groupe d'indicateurs;020.08;Production séche (volume);4639804;OUI
SAANR_FOURRAGE_2;2002;FR;METRO;NR27;25;Cultures développées;3.12;Prairies non permanentes et STH;Groupe d'indicateurs;020.08;Production séche (volume);10205985;OUI
SAANR_FOURRAGE_2;2002;FR;METRO;NR27;39;Cultures développées;3.12;Prairies non permanentes et STH;Groupe d'indicateurs;020.08;Production séche (volume);6847559;OUI
SAANR_FOURRAGE_2;2002;FR;METRO;NR27;58;Cultures développées;3.12;Prairies non permanentes et STH;Groupe d'indicateurs;020.08;Production séche (volume);11975972;OUI
SAANR_FOURRAGE_2;2002;FR;METRO;NR27;70;Cultures développées;3.12;Prairies non permanentes et STH;Groupe d'indicateurs;020.08;Production séche (volume);7471691;OUI
SAANR_FOURRAGE_2;2002;FR;METRO;NR27;71;Cultures développées;3.12;Prairies non permanentes et STH;Groupe d'indicateurs;020.08;Production séche (volume);21705955;OUI
SAANR_FOURRAGE_2;2002;FR;METRO;NR27;89;Cultures développées;3.12;Prairies non permanentes et STH;Groupe d'indicateurs;020.08;Production séche (volume);3782105;OUI
SAANR_FOURRAGE_2;2002;FR;METRO;NR27;90;Cultures développées;3.12;Prairies non permanentes et STH;Groupe d'indicateurs;020.08;Production séche (volume);654733;OUI
SAANR_FOURRAGE_2;2002;FR;METRO;NR27;21;Cultures développées;3.12;Prairies non permanentes et STH;Groupe d'indicateurs;050.07;Superficie concernée;157673;OUI
SAANR_FOURRAGE_2;2002;FR;METRO;NR27;25;Cultures développées;3.12;Prairies non permanentes et STH;Groupe d'indicateurs;050.07;Superficie concernée;204591;OUI
SAANR_FOURRAGE_2;2002;FR;METRO;NR27;39;Cultures développées;3.12;Prairies non permanentes et STH;Groupe d'indicateurs;050.07;Superficie concernée;149758;OUI
SAANR_FOURRAGE_2;2002;FR;METRO;NR27;58;Cultures développées;3.12;Prairies non permanentes et STH;Groupe d'indicateurs;050.07;Superficie concernée;247390;OUI
SAANR_FOURRAGE_2;2002;FR;METRO;NR27;70;Cultures développées;3.12;Prairies non permanentes et STH;Groupe d'indicateurs;050.07;Superficie concernée;141272;OUI
SAANR_FOURRAGE_2;2002;FR;METRO;NR27;71;Cultures développées;3.12;Prairies non permanentes et STH;Groupe d'indicateurs;050.07;Superficie concernée;411683;OUI
SAANR_FOURRAGE_2;2002;FR;METRO;NR27;89;Cultures développées;3.12;Prairies non permanentes et STH;Groupe d'indicateurs;050.07;Superficie concernée;81487;OUI
SAANR_FOURRAGE_2;2002;FR;METRO;NR27;90;Cultures développées;3.12;Prairies non permanentes et STH;Groupe d'indicateurs;050.07;Superficie concernée;12857;OUI
SAANR_FOURRAGE_2;2002;FR;METRO;NR27;21;Cultures développées;3.12;Prairies non permanentes et STH;Groupe d'indicateurs;070.02;Rendement matière sèche;29.4;OUI
SAANR_FOURRAGE_2;2002;FR;METRO;NR27;25;Cultures développées;3.12;Prairies non permanentes et STH;Groupe d'indicateurs;070.02;Rendement matière sèche;49.9;OUI
SAANR_FOURRAGE_2;2002;FR;METRO;NR27;39;Cultures développées;3.12;Prairies non permanentes et STH;Groupe d'indicateurs;070.02;Rendement matière sèche;45.7;OUI
SAANR_FOURRAGE_2;2002;FR;METRO;NR27;58;Cultures développées;3.12;Prairies non permanentes et STH;Groupe d'indicateurs;070.02;Rendement matière sèche;48.4;OUI
SAANR_FOURRAGE_2;2002;FR;METRO;NR27;70;Cultures développées;3.12;Prairies non permanentes et STH;Groupe d'indicateurs;070.02;Rendement matière sèche;52.9;OUI
SAANR_FOURRAGE_2;2002;FR;METRO;NR27;71;Cultures développées;3.12;Prairies non permanentes et STH;Groupe d'indicateurs;070.02;Rendement matière sèche;52.7;OUI
SAANR_FOURRAGE_2;2002;FR;METRO;NR27;89;Cultures développées;3.12;Prairies non permanentes et STH;Groupe d'indicateurs;070.02;Rendement matière sèche;46.4;OUI
SAANR_FOURRAGE_2;2002;FR;METRO;NR27;90;Cultures développées;3.12;Prairies non permanentes et STH;Groupe d'indicateurs;070.02;Rendement matière sèche;50.9;OUI
SAANR_FOURRAGE_2;2002;FR;METRO;NR27;21;Cultures développées;3.12.1;Prairies non permanentes;Groupe d'indicateurs;020.08;Production séche (volume);705600;OUI
SAANR_FOURRAGE_2;2002;FR;METRO;NR27;25;Cultures développées;3.12.1;Prairies non permanentes;Groupe d'indicateurs;020.08;Production séche (volume);2151105;OUI
SAANR_FOURRAGE_2;2002;FR;METRO;NR27;39;Cultures développées;3.12.1;Prairies non permanentes;Groupe d'indicateurs;020.08;Production séche (volume);2031521;OUI
SAANR_FOURRAGE_2;2002;FR;METRO;NR27;58;Cultures développées;3.12.1;Prairies non permanentes;Groupe d'indicateurs;020.08;Production séche (volume);1742800;OUI
SAANR_FOURRAGE_2;2002;FR;METRO;NR27;70;Cultures développées;3.12.1;Prairies non permanentes;Groupe d'indicateurs;020.08;Production séche (volume);1378084;OUI
SAANR_FOURRAGE_2;2002;FR;METRO;NR27;71;Cultures développées;3.12.1;Prairies non permanentes;Groupe d'indicateurs;020.08;Production séche (volume);2809300;OUI
SAANR_FOURRAGE_2;2002;FR;METRO;NR27;89;Cultures développées;3.12.1;Prairies non permanentes;Groupe d'indicateurs;020.08;Production séche (volume);1047900;OUI
SAANR_FOURRAGE_2;2002;FR;METRO;NR27;90;Cultures développées;3.12.1;Prairies non permanentes;Groupe d'indicateurs;020.08;Production séche (volume);117964;OUI
SAANR_FOURRAGE_2;2002;FR;METRO;NR27;21;Cultures développées;3.12.1;Prairies non permanentes;Groupe d'indicateurs;050.07;Superficie concernée;16200;OUI
SAANR_FOURRAGE_2;2002;FR;METRO;NR27;25;Cultures développées;3.12.1;Prairies non permanentes;Groupe d'indicateurs;050.07;Superficie concernée;35653;OUI
SAANR_FOURRAGE_2;2002;FR;METRO;NR27;39;Cultures développées;3.12.1;Prairies non permanentes;Groupe d'indicateurs;050.07;Superficie concernée;29831;OUI
SAANR_FOURRAGE_2;2002;FR;METRO;NR27;58;Cultures développées;3.12.1;Prairies non permanentes;Groupe d'indicateurs;050.07;Superficie concernée;29200;OUI
SAANR_FOURRAGE_2;2002;FR;METRO;NR27;70;Cultures développées;3.12.1;Prairies non permanentes;Groupe d'indicateurs;050.07;Superficie concernée;19281;OUI
SAANR_FOURRAGE_2;2002;FR;METRO;NR27;71;Cultures développées;3.12.1;Prairies non permanentes;Groupe d'indicateurs;050.07;Superficie concernée;34800;OUI
SAANR_FOURRAGE_2;2002;FR;METRO;NR27;89;Cultures développées;3.12.1;Prairies non permanentes;Groupe d'indicateurs;050.07;Superficie concernée;14600;OUI
SAANR_FOURRAGE_2;2002;FR;METRO;NR27;90;Cultures développées;3.12.1;Prairies non permanentes;Groupe d'indicateurs;050.07;Superficie concernée;1576;OUI
SAANR_FOURRAGE_2;2002;FR;METRO;NR27;21;Cultures développées;3.12.1;Prairies non permanentes;Groupe d'indicateurs;070.02;Rendement matière sèche;43.6;OUI
SAANR_FOURRAGE_2;2002;FR;METRO;NR27;25;Cultures développées;3.12.1;Prairies non permanentes;Groupe d'indicateurs;070.02;Rendement matière sèche;60.3;OUI
SAANR_FOURRAGE_2;2002;FR;METRO;NR27;39;Cultures développées;3.12.1;Prairies non permanentes;Groupe d'indicateurs;070.02;Rendement matière sèche;68.1;OUI
SAANR_FOURRAGE_2;2002;FR;METRO;NR27;58;Cultures développées;3.12.1;Prairies non permanentes;Groupe d'indicateurs;070.02;Rendement matière sèche;59.7;OUI
SAANR_FOURRAGE_2;2002;FR;METRO;NR27;70;Cultures développées;3.12.1;Prairies non permanentes;Groupe d'indicateurs;070.02;Rendement matière sèche;71.5;OUI
SAANR_FOURRAGE_2;2002;FR;METRO;NR27;71;Cultures développées;3.12.1;Prairies non permanentes;Groupe d'indicateurs;070.02;Rendement matière sèche;80.7;OUI
SAANR_FOURRAGE_2;2002;FR;METRO;NR27;89;Cultures développées;3.12.1;Prairies non permanentes;Groupe d'indicateurs;070.02;Rendement matière sèche;71.8;OUI
SAANR_FOURRAGE_2;2002;FR;METRO;NR27;90;Cultures développées;3.12.1;Prairies non permanentes;Groupe d'indicateurs;070.02;Rendement matière sèche;74.9;OUI
SAANR_FOURRAGE_2;2002;FR;METRO;NR27;21;Cultures développées;3.12.1.11;Prairie artificielle (luzerne, trèfle violet, ...);Groupe d'indicateurs;020.08;Production séche (volume);318000;OUI
SAANR_FOURRAGE_2;2002;FR;METRO;NR27;25;Cultures développées;3.12.1.11;Prairie artificielle (luzerne, trèfle violet, ...);Groupe d'indicateurs;020.08;Production séche (volume);40545;OUI
SAANR_FOURRAGE_2;2002;FR;METRO;NR27;39;Cultures développées;3.12.1.11;Prairie artificielle (luzerne, trèfle violet, ...);Groupe d'indicateurs;020.08;Production séche (volume);97566;OUI
SAANR_FOURRAGE_2;2002;FR;METRO;NR27;58;Cultures développées;3.12.1.11;Prairie artificielle (luzerne, trèfle violet, ...);Groupe d'indicateurs;020.08;Production séche (volume);138000;OUI
SAANR_FOURRAGE_2;2002;FR;METRO;NR27;70;Cultures développées;3.12.1.11;Prairie artificielle (luzerne, trèfle violet, ...);Groupe d'indicateurs;020.08;Production séche (volume);229632;OUI
SAANR_FOURRAGE_2;2002;FR;METRO;NR27;71;Cultures développées;3.12.1.11;Prairie artificielle (luzerne, trèfle violet, ...);Groupe d'indicateurs;020.08;Production séche (volume);209300;OUI
SAANR_FOURRAGE_2;2002;FR;METRO;NR27;89;Cultures développées;3.12.1.11;Prairie artificielle (luzerne, trèfle violet, ...);Groupe d'indicateurs;020.08;Production séche (volume);344400;OUI
SAANR_FOURRAGE_2;2002;FR;METRO;NR27;90;Cultures développées;3.12.1.11;Prairie artificielle (luzerne, trèfle violet, ...);Groupe d'indicateurs;020.08;Production séche (volume);16576;OUI
SAANR_FOURRAGE_2;2002;FR;METRO;NR27;21;Cultures développées;3.12.1.11;Prairie artificielle (luzerne, trèfle violet, ...);Groupe d'indicateurs;050.07;Superficie concernée;6000;OUI
SAANR_FOURRAGE_2;2002;FR;METRO;NR27;25;Cultures développées;3.12.1.11;Prairie artificielle (luzerne, trèfle violet, ...);Groupe d'indicateurs;050.07;Superficie concernée;477;OUI
SAANR_FOURRAGE_2;2002;FR;METRO;NR27;39;Cultures développées;3.12.1.11;Prairie artificielle (luzerne, trèfle violet, ...);Groupe d'indicateurs;050.07;Superficie concernée;966;OUI
SAANR_FOURRAGE_2;2002;FR;METRO;NR27;58;Cultures développées;3.12.1.11;Prairie artificielle (luzerne, trèfle violet, ...);Groupe d'indicateurs;050.07;Superficie concernée;2000;OUI
SAANR_FOURRAGE_2;2002;FR;METRO;NR27;70;Cultures développées;3.12.1.11;Prairie artificielle (luzerne, trèfle violet, ...);Groupe d'indicateurs;050.07;Superficie concernée;2392;OUI
SAANR_FOURRAGE_2;2002;FR;METRO;NR27;71;Cultures développées;3.12.1.11;Prairie artificielle (luzerne, trèfle violet, ...);Groupe d'indicateurs;050.07;Superficie concernée;2300;OUI
SAANR_FOURRAGE_2;2002;FR;METRO;NR27;89;Cultures développées;3.12.1.11;Prairie artificielle (luzerne, trèfle violet, ...);Groupe d'indicateurs;050.07;Superficie concernée;4100;OUI
SAANR_FOURRAGE_2;2002;FR;METRO;NR27;90;Cultures développées;3.12.1.11;Prairie artificielle (luzerne, trèfle violet, ...);Groupe d'indicateurs;050.07;Superficie concernée;148;OUI
SAANR_FOURRAGE_2;2002;FR;METRO;NR27;21;Cultures développées;3.12.1.11;Prairie artificielle (luzerne, trèfle violet, ...);Groupe d'indicateurs;070.02;Rendement matière sèche;53;OUI
SAANR_FOURRAGE_2;2002;FR;METRO;NR27;25;Cultures développées;3.12.1.11;Prairie artificielle (luzerne, trèfle violet, ...);Groupe d'indicateurs;070.02;Rendement matière sèche;85;OUI
SAANR_FOURRAGE_2;2002;FR;METRO;NR27;39;Cultures développées;3.12.1.11;Prairie artificielle (luzerne, trèfle violet, ...);Groupe d'indicateurs;070.02;Rendement matière sèche;101;OUI
SAANR_FOURRAGE_2;2002;FR;METRO;NR27;58;Cultures développées;3.12.1.11;Prairie artificielle (luzerne, trèfle violet, ...);Groupe d'indicateurs;070.02;Rendement matière sèche;69;OUI
SAANR_FOURRAGE_2;2002;FR;METRO;NR27;70;Cultures développées;3.12.1.11;Prairie artificielle (luzerne, trèfle violet, ...);Groupe d'indicateurs;070.02;Rendement matière sèche;96;OUI
SAANR_FOURRAGE_2;2002;FR;METRO;NR27;71;Cultures développées;3.12.1.11;Prairie artificielle (luzerne, trèfle violet, ...);Groupe d'indicateurs;070.02;Rendement matière sèche;91;OUI
SAANR_FOURRAGE_2;2002;FR;METRO;NR27;89;Cultures développées;3.12.1.11;Prairie artificielle (luzerne, trèfle violet, ...);Groupe d'indicateurs;070.02;Rendement matière sèche;84;OUI
SAANR_FOURRAGE_2;2002;FR;METRO;NR27;90;Cultures développées;3.12.1.11;Prairie artificielle (luzerne, trèfle violet, ...);Groupe d'indicateurs;070.02;Rendement matière sèche;112;OUI
SAANR_FOURRAGE_2;2002;FR;METRO;NR27;21;Cultures développées;3.12.1.11.1;Luzerne pour déhydratation;Groupe d'indicateurs;050.07;Superficie concernée;0;OUI
SAANR_FOURRAGE_2;2002;FR;METRO;NR27;58;Cultures développées;3.12.1.11.1;Luzerne pour déhydratation;Groupe d'indicateurs;050.07;Superficie concernée;0;OUI
SAANR_FOURRAGE_2;2002;FR;METRO;NR27;71;Cultures développées;3.12.1.11.1;Luzerne pour déhydratation;Groupe d'indicateurs;050.07;Superficie concernée;0;OUI
SAANR_FOURRAGE_2;2002;FR;METRO;NR27;89;Cultures développées;3.12.1.11.1;Luzerne pour déhydratation;Groupe d'indicateurs;050.07;Superficie concernée;0;OUI
SAANR_FOURRAGE_2;2002;FR;METRO;NR27;21;Cultures développées;3.12.1.11.2;Autres prairies artificielles;Groupe d'indicateurs;020.08;Production séche (volume);318000;OUI
SAANR_FOURRAGE_2;2002;FR;METRO;NR27;25;Cultures développées;3.12.1.11.2;Autres prairies artificielles;Groupe d'indicateurs;020.08;Production séche (volume);40545;OUI
SAANR_FOURRAGE_2;2002;FR;METRO;NR27;39;Cultures développées;3.12.1.11.2;Autres prairies artificielles;Groupe d'indicateurs;020.08;Production séche (volume);97566;OUI
SAANR_FOURRAGE_2;2002;FR;METRO;NR27;58;Cultures développées;3.12.1.11.2;Autres prairies artificielles;Groupe d'indicateurs;020.08;Production séche (volume);138000;OUI
SAANR_FOURRAGE_2;2002;FR;METRO;NR27;70;Cultures développées;3.12.1.11.2;Autres prairies artificielles;Groupe d'indicateurs;020.08;Production séche (volume);229632;OUI
SAANR_FOURRAGE_2;2002;FR;METRO;NR27;71;Cultures développées;3.12.1.11.2;Autres prairies artificielles;Groupe d'indicateurs;020.08;Production séche (volume);209300;OUI
SAANR_FOURRAGE_2;2002;FR;METRO;NR27;89;Cultures développées;3.12.1.11.2;Autres prairies artificielles;Groupe d'indicateurs;020.08;Production séche (volume);344400;OUI
SAANR_FOURRAGE_2;2002;FR;METRO;NR27;90;Cultures développées;3.12.1.11.2;Autres prairies artificielles;Groupe d'indicateurs;020.08;Production séche (volume);16576;OUI
SAANR_FOURRAGE_2;2002;FR;METRO;NR27;21;Cultures développées;3.12.1.11.2;Autres prairies artificielles;Groupe d'indicateurs;050.07;Superficie concernée;6000;OUI
SAANR_FOURRAGE_2;2002;FR;METRO;NR27;25;Cultures développées;3.12.1.11.2;Autres prairies artificielles;Groupe d'indicateurs;050.07;Superficie concernée;477;OUI
SAANR_FOURRAGE_2;2002;FR;METRO;NR27;39;Cultures développées;3.12.1.11.2;Autres prairies artificielles;Groupe d'indicateurs;050.07;Superficie concernée;966;OUI
SAANR_FOURRAGE_2;2002;FR;METRO;NR27;58;Cultures développées;3.12.1.11.2;Autres prairies artificielles;Groupe d'indicateurs;050.07;Superficie concernée;2000;OUI
SAANR_FOURRAGE_2;2002;FR;METRO;NR27;70;Cultures développées;3.12.1.11.2;Autres prairies artificielles;Groupe d'indicateurs;050.07;Superficie concernée;2392;OUI
SAANR_FOURRAGE_2;2002;FR;METRO;NR27;71;Cultures développées;3.12.1.11.2;Autres prairies artificielles;Groupe d'indicateurs;050.07;Superficie concernée;2300;OUI
SAANR_FOURRAGE_2;2002;FR;METRO;NR27;89;Cultures développées;3.12.1.11.2;Autres prairies artificielles;Groupe d'indicateurs;050.07;Superficie concernée;4100;OUI
SAANR_FOURRAGE_2;2002;FR;METRO;NR27;90;Cultures développées;3.12.1.11.2;Autres prairies artificielles;Groupe d'indicateurs;050.07;Superficie concernée;148;OUI
SAANR_FOURRAGE_2;2002;FR;METRO;NR27;21;Cultures développées;3.12.1.11.2;Autres prairies artificielles;Groupe d'indicateurs;070.02;Rendement matière sèche;53;OUI
SAANR_FOURRAGE_2;2002;FR;METRO;NR27;25;Cultures développées;3.12.1.11.2;Autres prairies artificielles;Groupe d'indicateurs;070.02;Rendement matière sèche;85;OUI
SAANR_FOURRAGE_2;2002;FR;METRO;NR27;39;Cultures développées;3.12.1.11.2;Autres prairies artificielles;Groupe d'indicateurs;070.02;Rendement matière sèche;101;OUI
SAANR_FOURRAGE_2;2002;FR;METRO;NR27;58;Cultures développées;3.12.1.11.2;Autres prairies artificielles;Groupe d'indicateurs;070.02;Rendement matière sèche;69;OUI
SAANR_FOURRAGE_2;2002;FR;METRO;NR27;70;Cultures développées;3.12.1.11.2;Autres prairies artificielles;Groupe d'indicateurs;070.02;Rendement matière sèche;96;OUI
SAANR_FOURRAGE_2;2002;FR;METRO;NR27;71;Cultures développées;3.12.1.11.2;Autres prairies artificielles;Groupe d'indicateurs;070.02;Rendement matière sèche;91;OUI
SAANR_FOURRAGE_2;2002;FR;METRO;NR27;89;Cultures développées;3.12.1.11.2;Autres prairies artificielles;Groupe d'indicateurs;070.02;Rendement matière sèche;84;OUI
SAANR_FOURRAGE_2;2002;FR;METRO;NR27;90;Cultures développées;3.12.1.11.2;Autres prairies artificielles;Groupe d'indicateurs;070.02;Rendement matière sèche;112;OUI
SAANR_FOURRAGE_2;2002;FR;METRO;NR27;21;Cultures développées;3.12.1.12;Prairies temporaires;Groupe d'indicateurs;020.08;Production séche (volume);387600;OUI
SAANR_FOURRAGE_2;2002;FR;METRO;NR27;25;Cultures développées;3.12.1.12;Prairies temporaires;Groupe d'indicateurs;020.08;Production séche (volume);2110560;OUI
SAANR_FOURRAGE_2;2002;FR;METRO;NR27;39;Cultures développées;3.12.1.12;Prairies temporaires;Groupe d'indicateurs;020.08;Production séche (volume);1933955;OUI
SAANR_FOURRAGE_2;2002;FR;METRO;NR27;58;Cultures développées;3.12.1.12;Prairies temporaires;Groupe d'indicateurs;020.08;Production séche (volume);1604800;OUI
SAANR_FOURRAGE_2;2002;FR;METRO;NR27;70;Cultures développées;3.12.1.12;Prairies temporaires;Groupe d'indicateurs;020.08;Production séche (volume);1148452;OUI
SAANR_FOURRAGE_2;2002;FR;METRO;NR27;71;Cultures développées;3.12.1.12;Prairies temporaires;Groupe d'indicateurs;020.08;Production séche (volume);2600000;OUI
SAANR_FOURRAGE_2;2002;FR;METRO;NR27;89;Cultures développées;3.12.1.12;Prairies temporaires;Groupe d'indicateurs;020.08;Production séche (volume);703500;OUI
SAANR_FOURRAGE_2;2002;FR;METRO;NR27;90;Cultures développées;3.12.1.12;Prairies temporaires;Groupe d'indicateurs;020.08;Production séche (volume);101388;OUI
SAANR_FOURRAGE_2;2002;FR;METRO;NR27;21;Cultures développées;3.12.1.12;Prairies temporaires;Groupe d'indicateurs;050.07;Superficie concernée;10200;OUI
SAANR_FOURRAGE_2;2002;FR;METRO;NR27;25;Cultures développées;3.12.1.12;Prairies temporaires;Groupe d'indicateurs;050.07;Superficie concernée;35176;OUI
SAANR_FOURRAGE_2;2002;FR;METRO;NR27;39;Cultures développées;3.12.1.12;Prairies temporaires;Groupe d'indicateurs;050.07;Superficie concernée;28865;OUI
SAANR_FOURRAGE_2;2002;FR;METRO;NR27;58;Cultures développées;3.12.1.12;Prairies temporaires;Groupe d'indicateurs;050.07;Superficie concernée;27200;OUI
SAANR_FOURRAGE_2;2002;FR;METRO;NR27;70;Cultures développées;3.12.1.12;Prairies temporaires;Groupe d'indicateurs;050.07;Superficie concernée;16889;OUI
SAANR_FOURRAGE_2;2002;FR;METRO;NR27;71;Cultures développées;3.12.1.12;Prairies temporaires;Groupe d'indicateurs;050.07;Superficie concernée;32500;OUI
SAANR_FOURRAGE_2;2002;FR;METRO;NR27;89;Cultures développées;3.12.1.12;Prairies temporaires;Groupe d'indicateurs;050.07;Superficie concernée;10500;OUI
SAANR_FOURRAGE_2;2002;FR;METRO;NR27;90;Cultures développées;3.12.1.12;Prairies temporaires;Groupe d'indicateurs;050.07;Superficie concernée;1428;OUI
SAANR_FOURRAGE_2;2002;FR;METRO;NR27;21;Cultures développées;3.12.1.12;Prairies temporaires;Groupe d'indicateurs;070.02;Rendement matière sèche;38;OUI
SAANR_FOURRAGE_2;2002;FR;METRO;NR27;25;Cultures développées;3.12.1.12;Prairies temporaires;Groupe d'indicateurs;070.02;Rendement matière sèche;60;OUI
SAANR_FOURRAGE_2;2002;FR;METRO;NR27;39;Cultures développées;3.12.1.12;Prairies temporaires;Groupe d'indicateurs;070.02;Rendement matière sèche;67;OUI
SAANR_FOURRAGE_2;2002;FR;METRO;NR27;58;Cultures développées;3.12.1.12;Prairies temporaires;Groupe d'indicateurs;070.02;Rendement matière sèche;59;OUI
SAANR_FOURRAGE_2;2002;FR;METRO;NR27;70;Cultures développées;3.12.1.12;Prairies temporaires;Groupe d'indicateurs;070.02;Rendement matière sèche;68;OUI
SAANR_FOURRAGE_2;2002;FR;METRO;NR27;71;Cultures développées;3.12.1.12;Prairies temporaires;Groupe d'indicateurs;070.02;Rendement matière sèche;80;OUI
SAANR_FOURRAGE_2;2002;FR;METRO;NR27;89;Cultures développées;3.12.1.12;Prairies temporaires;Groupe d'indicateurs;070.02;Rendement matière sèche;67;OUI
SAANR_FOURRAGE_2;2002;FR;METRO;NR27;90;Cultures développées;3.12.1.12;Prairies temporaires;Groupe d'indicateurs;070.02;Rendement matière sèche;71;OUI
SAANR_FOURRAGE_2;2002;FR;METRO;NR27;21;Cultures développées;3.12.2;Superficie toujours en herbe (STH);Groupe d'indicateurs;020.08;Production séche (volume);3934204;OUI
SAANR_FOURRAGE_2;2002;FR;METRO;NR27;25;Cultures développées;3.12.2;Superficie toujours en herbe (STH);Groupe d'indicateurs;020.08;Production séche (volume);8054880;OUI
SAANR_FOURRAGE_2;2002;FR;METRO;NR27;39;Cultures développées;3.12.2;Superficie toujours en herbe (STH);Groupe d'indicateurs;020.08;Production séche (volume);4816038;OUI
SAANR_FOURRAGE_2;2002;FR;METRO;NR27;58;Cultures développées;3.12.2;Superficie toujours en herbe (STH);Groupe d'indicateurs;020.08;Production séche (volume);10233172;OUI
SAANR_FOURRAGE_2;2002;FR;METRO;NR27;70;Cultures développées;3.12.2;Superficie toujours en herbe (STH);Groupe d'indicateurs;020.08;Production séche (volume);6093607;OUI
SAANR_FOURRAGE_2;2002;FR;METRO;NR27;71;Cultures développées;3.12.2;Superficie toujours en herbe (STH);Groupe d'indicateurs;020.08;Production séche (volume);18896655;OUI
SAANR_FOURRAGE_2;2002;FR;METRO;NR27;89;Cultures développées;3.12.2;Superficie toujours en herbe (STH);Groupe d'indicateurs;020.08;Production séche (volume);2734205;OUI
SAANR_FOURRAGE_2;2002;FR;METRO;NR27;90;Cultures développées;3.12.2;Superficie toujours en herbe (STH);Groupe d'indicateurs;020.08;Production séche (volume);536769;OUI
SAANR_FOURRAGE_2;2002;FR;METRO;NR27;21;Cultures développées;3.12.2;Superficie toujours en herbe (STH);Groupe d'indicateurs;050.07;Superficie concernée;141473;OUI
SAANR_FOURRAGE_2;2002;FR;METRO;NR27;25;Cultures développées;3.12.2;Superficie toujours en herbe (STH);Groupe d'indicateurs;050.07;Superficie concernée;168938;OUI
SAANR_FOURRAGE_2;2002;FR;METRO;NR27;39;Cultures développées;3.12.2;Superficie toujours en herbe (STH);Groupe d'indicateurs;050.07;Superficie concernée;119927;OUI
SAANR_FOURRAGE_2;2002;FR;METRO;NR27;58;Cultures développées;3.12.2;Superficie toujours en herbe (STH);Groupe d'indicateurs;050.07;Superficie concernée;218190;OUI
SAANR_FOURRAGE_2;2002;FR;METRO;NR27;70;Cultures développées;3.12.2;Superficie toujours en herbe (STH);Groupe d'indicateurs;050.07;Superficie concernée;121991;OUI
SAANR_FOURRAGE_2;2002;FR;METRO;NR27;71;Cultures développées;3.12.2;Superficie toujours en herbe (STH);Groupe d'indicateurs;050.07;Superficie concernée;376883;OUI
SAANR_FOURRAGE_2;2002;FR;METRO;NR27;89;Cultures développées;3.12.2;Superficie toujours en herbe (STH);Groupe d'indicateurs;050.07;Superficie concernée;66887;OUI
SAANR_FOURRAGE_2;2002;FR;METRO;NR27;90;Cultures développées;3.12.2;Superficie toujours en herbe (STH);Groupe d'indicateurs;050.07;Superficie concernée;11281;OUI
SAANR_FOURRAGE_2;2002;FR;METRO;NR27;21;Cultures développées;3.12.2;Superficie toujours en herbe (STH);Groupe d'indicateurs;070.02;Rendement matière sèche;27.8;OUI
SAANR_FOURRAGE_2;2002;FR;METRO;NR27;25;Cultures développées;3.12.2;Superficie toujours en herbe (STH);Groupe d'indicateurs;070.02;Rendement matière sèche;47.7;OUI
SAANR_FOURRAGE_2;2002;FR;METRO;NR27;39;Cultures développées;3.12.2;Superficie toujours en herbe (STH);Groupe d'indicateurs;070.02;Rendement matière sèche;40.2;OUI
SAANR_FOURRAGE_2;2002;FR;METRO;NR27;58;Cultures développées;3.12.2;Superficie toujours en herbe (STH);Groupe d'indicateurs;070.02;Rendement matière sèche;46.9;OUI
SAANR_FOURRAGE_2;2002;FR;METRO;NR27;70;Cultures développées;3.12.2;Superficie toujours en herbe (STH);Groupe d'indicateurs;070.02;Rendement matière sèche;50;OUI
SAANR_FOURRAGE_2;2002;FR;METRO;NR27;71;Cultures développées;3.12.2;Superficie toujours en herbe (STH);Groupe d'indicateurs;070.02;Rendement matière sèche;50.1;OUI
SAANR_FOURRAGE_2;2002;FR;METRO;NR27;89;Cultures développées;3.12.2;Superficie toujours en herbe (STH);Groupe d'indicateurs;070.02;Rendement matière sèche;40.9;OUI
SAANR_FOURRAGE_2;2002;FR;METRO;NR27;90;Cultures développées;3.12.2;Superficie toujours en herbe (STH);Groupe d'indicateurs;070.02;Rendement matière sèche;47.6;OUI
SAANR_FOURRAGE_2;2002;FR;METRO;NR27;21;Cultures développées;3.12.2.11;Prairies naturelles ou semées depuis plus de 6 ans;Groupe d'indicateurs;020.08;Production séche (volume);3903004;OUI
SAANR_FOURRAGE_2;2002;FR;METRO;NR27;25;Cultures développées;3.12.2.11;Prairies naturelles ou semées depuis plus de 6 ans;Groupe d'indicateurs;020.08;Production séche (volume);7466850;OUI
SAANR_FOURRAGE_2;2002;FR;METRO;NR27;39;Cultures développées;3.12.2.11;Prairies naturelles ou semées depuis plus de 6 ans;Groupe d'indicateurs;020.08;Production séche (volume);4209788;OUI
SAANR_FOURRAGE_2;2002;FR;METRO;NR27;58;Cultures développées;3.12.2.11;Prairies naturelles ou semées depuis plus de 6 ans;Groupe d'indicateurs;020.08;Production séche (volume);10161964;OUI
SAANR_FOURRAGE_2;2002;FR;METRO;NR27;70;Cultures développées;3.12.2.11;Prairies naturelles ou semées depuis plus de 6 ans;Groupe d'indicateurs;020.08;Production séche (volume);5823688;OUI
SAANR_FOURRAGE_2;2002;FR;METRO;NR27;71;Cultures développées;3.12.2.11;Prairies naturelles ou semées depuis plus de 6 ans;Groupe d'indicateurs;020.08;Production séche (volume);18608319;OUI
SAANR_FOURRAGE_2;2002;FR;METRO;NR27;89;Cultures développées;3.12.2.11;Prairies naturelles ou semées depuis plus de 6 ans;Groupe d'indicateurs;020.08;Production séche (volume);2711945;OUI
SAANR_FOURRAGE_2;2002;FR;METRO;NR27;90;Cultures développées;3.12.2.11;Prairies naturelles ou semées depuis plus de 6 ans;Groupe d'indicateurs;020.08;Production séche (volume);513569;OUI
SAANR_FOURRAGE_2;2002;FR;METRO;NR27;21;Cultures développées;3.12.2.11;Prairies naturelles ou semées depuis plus de 6 ans;Groupe d'indicateurs;050.07;Superficie concernée;139393;OUI
SAANR_FOURRAGE_2;2002;FR;METRO;NR27;25;Cultures développées;3.12.2.11;Prairies naturelles ou semées depuis plus de 6 ans;Groupe d'indicateurs;050.07;Superficie concernée;149337;OUI
SAANR_FOURRAGE_2;2002;FR;METRO;NR27;39;Cultures développées;3.12.2.11;Prairies naturelles ou semées depuis plus de 6 ans;Groupe d'indicateurs;050.07;Superficie concernée;95677;OUI
SAANR_FOURRAGE_2;2002;FR;METRO;NR27;58;Cultures développées;3.12.2.11;Prairies naturelles ou semées depuis plus de 6 ans;Groupe d'indicateurs;050.07;Superficie concernée;216212;OUI
SAANR_FOURRAGE_2;2002;FR;METRO;NR27;70;Cultures développées;3.12.2.11;Prairies naturelles ou semées depuis plus de 6 ans;Groupe d'indicateurs;050.07;Superficie concernée;111994;OUI
SAANR_FOURRAGE_2;2002;FR;METRO;NR27;71;Cultures développées;3.12.2.11;Prairies naturelles ou semées depuis plus de 6 ans;Groupe d'indicateurs;050.07;Superficie concernée;364869;OUI
SAANR_FOURRAGE_2;2002;FR;METRO;NR27;89;Cultures développées;3.12.2.11;Prairies naturelles ou semées depuis plus de 6 ans;Groupe d'indicateurs;050.07;Superficie concernée;66145;OUI
SAANR_FOURRAGE_2;2002;FR;METRO;NR27;90;Cultures développées;3.12.2.11;Prairies naturelles ou semées depuis plus de 6 ans;Groupe d'indicateurs;050.07;Superficie concernée;10481;OUI
SAANR_FOURRAGE_2;2002;FR;METRO;NR27;21;Cultures développées;3.12.2.11;Prairies naturelles ou semées depuis plus de 6 ans;Groupe d'indicateurs;070.02;Rendement matière sèche;28;OUI
SAANR_FOURRAGE_2;2002;FR;METRO;NR27;25;Cultures développées;3.12.2.11;Prairies naturelles ou semées depuis plus de 6 ans;Groupe d'indicateurs;070.02;Rendement matière sèche;50;OUI
SAANR_FOURRAGE_2;2002;FR;METRO;NR27;39;Cultures développées;3.12.2.11;Prairies naturelles ou semées depuis plus de 6 ans;Groupe d'indicateurs;070.02;Rendement matière sèche;44;OUI
SAANR_FOURRAGE_2;2002;FR;METRO;NR27;58;Cultures développées;3.12.2.11;Prairies naturelles ou semées depuis plus de 6 ans;Groupe d'indicateurs;070.02;Rendement matière sèche;47;OUI
SAANR_FOURRAGE_2;2002;FR;METRO;NR27;70;Cultures développées;3.12.2.11;Prairies naturelles ou semées depuis plus de 6 ans;Groupe d'indicateurs;070.02;Rendement matière sèche;52;OUI
SAANR_FOURRAGE_2;2002;FR;METRO;NR27;71;Cultures développées;3.12.2.11;Prairies naturelles ou semées depuis plus de 6 ans;Groupe d'indicateurs;070.02;Rendement matière sèche;51;OUI
SAANR_FOURRAGE_2;2002;FR;METRO;NR27;89;Cultures développées;3.12.2.11;Prairies naturelles ou semées depuis plus de 6 ans;Groupe d'indicateurs;070.02;Rendement matière sèche;41;OUI
SAANR_FOURRAGE_2;2002;FR;METRO;NR27;90;Cultures développées;3.12.2.11;Prairies naturelles ou semées depuis plus de 6 ans;Groupe d'indicateurs;070.02;Rendement matière sèche;49;OUI
SAANR_FOURRAGE_2;2002;FR;METRO;NR27;21;Cultures développées;3.12.2.12;STH (Superficies toujours en herbe) peu productives (pâturages pauvres);Groupe d'indicateurs;020.08;Production séche (volume);31200;OUI
SAANR_FOURRAGE_2;2002;FR;METRO;NR27;25;Cultures développées;3.12.2.12;STH (Superficies toujours en herbe) peu productives (pâturages pauvres);Groupe d'indicateurs;020.08;Production séche (volume);588030;OUI
SAANR_FOURRAGE_2;2002;FR;METRO;NR27;39;Cultures développées;3.12.2.12;STH (Superficies toujours en herbe) peu productives (pâturages pauvres);Groupe d'indicateurs;020.08;Production séche (volume);606250;OUI
SAANR_FOURRAGE_2;2002;FR;METRO;NR27;58;Cultures développées;3.12.2.12;STH (Superficies toujours en herbe) peu productives (pâturages pauvres);Groupe d'indicateurs;020.08;Production séche (volume);71208;OUI
SAANR_FOURRAGE_2;2002;FR;METRO;NR27;70;Cultures développées;3.12.2.12;STH (Superficies toujours en herbe) peu productives (pâturages pauvres);Groupe d'indicateurs;020.08;Production séche (volume);269919;OUI
SAANR_FOURRAGE_2;2002;FR;METRO;NR27;71;Cultures développées;3.12.2.12;STH (Superficies toujours en herbe) peu productives (pâturages pauvres);Groupe d'indicateurs;020.08;Production séche (volume);288336;OUI
SAANR_FOURRAGE_2;2002;FR;METRO;NR27;89;Cultures développées;3.12.2.12;STH (Superficies toujours en herbe) peu productives (pâturages pauvres);Groupe d'indicateurs;020.08;Production séche (volume);22260;OUI
SAANR_FOURRAGE_2;2002;FR;METRO;NR27;90;Cultures développées;3.12.2.12;STH (Superficies toujours en herbe) peu productives (pâturages pauvres);Groupe d'indicateurs;020.08;Production séche (volume);23200;OUI
SAANR_FOURRAGE_2;2002;FR;METRO;NR27;21;Cultures développées;3.12.2.12;STH (Superficies toujours en herbe) peu productives (pâturages pauvres);Groupe d'indicateurs;050.07;Superficie concernée;2080;OUI
SAANR_FOURRAGE_2;2002;FR;METRO;NR27;25;Cultures développées;3.12.2.12;STH (Superficies toujours en herbe) peu productives (pâturages pauvres);Groupe d'indicateurs;050.07;Superficie concernée;19601;OUI
SAANR_FOURRAGE_2;2002;FR;METRO;NR27;39;Cultures développées;3.12.2.12;STH (Superficies toujours en herbe) peu productives (pâturages pauvres);Groupe d'indicateurs;050.07;Superficie concernée;24250;OUI
SAANR_FOURRAGE_2;2002;FR;METRO;NR27;58;Cultures développées;3.12.2.12;STH (Superficies toujours en herbe) peu productives (pâturages pauvres);Groupe d'indicateurs;050.07;Superficie concernée;1978;OUI
SAANR_FOURRAGE_2;2002;FR;METRO;NR27;70;Cultures développées;3.12.2.12;STH (Superficies toujours en herbe) peu productives (pâturages pauvres);Groupe d'indicateurs;050.07;Superficie concernée;9997;OUI
SAANR_FOURRAGE_2;2002;FR;METRO;NR27;71;Cultures développées;3.12.2.12;STH (Superficies toujours en herbe) peu productives (pâturages pauvres);Groupe d'indicateurs;050.07;Superficie concernée;12014;OUI
SAANR_FOURRAGE_2;2002;FR;METRO;NR27;89;Cultures développées;3.12.2.12;STH (Superficies toujours en herbe) peu productives (pâturages pauvres);Groupe d'indicateurs;050.07;Superficie concernée;742;OUI
SAANR_FOURRAGE_2;2002;FR;METRO;NR27;90;Cultures développées;3.12.2.12;STH (Superficies toujours en herbe) peu productives (pâturages pauvres);Groupe d'indicateurs;050.07;Superficie concernée;800;OUI
SAANR_FOURRAGE_2;2002;FR;METRO;NR27;21;Cultures développées;3.12.2.12;STH (Superficies toujours en herbe) peu productives (pâturages pauvres);Groupe d'indicateurs;070.02;Rendement matière sèche;15;OUI
SAANR_FOURRAGE_2;2002;FR;METRO;NR27;25;Cultures développées;3.12.2.12;STH (Superficies toujours en herbe) peu productives (pâturages pauvres);Groupe d'indicateurs;070.02;Rendement matière sèche;30;OUI
SAANR_FOURRAGE_2;2002;FR;METRO;NR27;39;Cultures développées;3.12.2.12;STH (Superficies toujours en herbe) peu productives (pâturages pauvres);Groupe d'indicateurs;070.02;Rendement matière sèche;25;OUI
SAANR_FOURRAGE_2;2002;FR;METRO;NR27;58;Cultures développées;3.12.2.12;STH (Superficies toujours en herbe) peu productives (pâturages pauvres);Groupe d'indicateurs;070.02;Rendement matière sèche;36;OUI
SAANR_FOURRAGE_2;2002;FR;METRO;NR27;70;Cultures développées;3.12.2.12;STH (Superficies toujours en herbe) peu productives (pâturages pauvres);Groupe d'indicateurs;070.02;Rendement matière sèche;27;OUI
SAANR_FOURRAGE_2;2002;FR;METRO;NR27;71;Cultures développées;3.12.2.12;STH (Superficies toujours en herbe) peu productives (pâturages pauvres);Groupe d'indicateurs;070.02;Rendement matière sèche;24;OUI
SAANR_FOURRAGE_2;2002;FR;METRO;NR27;89;Cultures développées;3.12.2.12;STH (Superficies toujours en herbe) peu productives (pâturages pauvres);Groupe d'indicateurs;070.02;Rendement matière sèche;30;OUI
SAANR_FOURRAGE_2;2002;FR;METRO;NR27;90;Cultures développées;3.12.2.12;STH (Superficies toujours en herbe) peu productives (pâturages pauvres);Groupe d'indicateurs;070.02;Rendement matière sèche;29;OUI
SAANR_FOURRAGE_2;2002;FR;METRO;NR28;14;Cultures développées;3;Fourrages annuels, prairies non permanentes et STH;Groupe d'indicateurs;020.08;Production séche (volume);23194606;OUI
SAANR_FOURRAGE_2;2002;FR;METRO;NR28;27;Cultures développées;3;Fourrages annuels, prairies non permanentes et STH;Groupe d'indicateurs;020.08;Production séche (volume);8399545;OUI
SAANR_FOURRAGE_2;2002;FR;METRO;NR28;50;Cultures développées;3;Fourrages annuels, prairies non permanentes et STH;Groupe d'indicateurs;020.08;Production séche (volume);44213849;OUI
SAANR_FOURRAGE_2;2002;FR;METRO;NR28;61;Cultures développées;3;Fourrages annuels, prairies non permanentes et STH;Groupe d'indicateurs;020.08;Production séche (volume);22336116;OUI
SAANR_FOURRAGE_2;2002;FR;METRO;NR28;76;Cultures développées;3;Fourrages annuels, prairies non permanentes et STH;Groupe d'indicateurs;020.08;Production séche (volume);17259938;OUI
SAANR_FOURRAGE_2;2002;FR;METRO;NR28;14;Cultures développées;3;Fourrages annuels, prairies non permanentes et STH;Groupe d'indicateurs;050.07;Superficie concernée;277139;OUI
SAANR_FOURRAGE_2;2002;FR;METRO;NR28;27;Cultures développées;3;Fourrages annuels, prairies non permanentes et STH;Groupe d'indicateurs;050.07;Superficie concernée;112093;OUI
SAANR_FOURRAGE_2;2002;FR;METRO;NR28;50;Cultures développées;3;Fourrages annuels, prairies non permanentes et STH;Groupe d'indicateurs;050.07;Superficie concernée;407230;OUI
SAANR_FOURRAGE_2;2002;FR;METRO;NR28;61;Cultures développées;3;Fourrages annuels, prairies non permanentes et STH;Groupe d'indicateurs;050.07;Superficie concernée;297578;OUI
SAANR_FOURRAGE_2;2002;FR;METRO;NR28;76;Cultures développées;3;Fourrages annuels, prairies non permanentes et STH;Groupe d'indicateurs;050.07;Superficie concernée;195287;OUI
SAANR_FOURRAGE_2;2002;FR;METRO;NR28;14;Cultures développées;3;Fourrages annuels, prairies non permanentes et STH;Groupe d'indicateurs;070.02;Rendement matière sèche;;OUI
SAANR_FOURRAGE_2;2002;FR;METRO;NR28;27;Cultures développées;3;Fourrages annuels, prairies non permanentes et STH;Groupe d'indicateurs;070.02;Rendement matière sèche;;OUI
SAANR_FOURRAGE_2;2002;FR;METRO;NR28;50;Cultures développées;3;Fourrages annuels, prairies non permanentes et STH;Groupe d'indicateurs;070.02;Rendement matière sèche;;OUI
SAANR_FOURRAGE_2;2002;FR;METRO;NR28;61;Cultures développées;3;Fourrages annuels, prairies non permanentes et STH;Groupe d'indicateurs;070.02;Rendement matière sèche;;OUI
SAANR_FOURRAGE_2;2002;FR;METRO;NR28;76;Cultures développées;3;Fourrages annuels, prairies non permanentes et STH;Groupe d'indicateurs;070.02;Rendement matière sèche;;OUI
SAANR_FOURRAGE_2;2002;FR;METRO;NR28;14;Cultures développées;3.11;Fourrages annuels;Groupe d'indicateurs;020.08;Production séche (volume);6413448;OUI
SAANR_FOURRAGE_2;2002;FR;METRO;NR28;27;Cultures développées;3.11;Fourrages annuels;Groupe d'indicateurs;020.08;Production séche (volume);1814065;OUI
SAANR_FOURRAGE_2;2002;FR;METRO;NR28;50;Cultures développées;3.11;Fourrages annuels;Groupe d'indicateurs;020.08;Production séche (volume);13515740;OUI
SAANR_FOURRAGE_2;2002;FR;METRO;NR28;61;Cultures développées;3.11;Fourrages annuels;Groupe d'indicateurs;020.08;Production séche (volume);6726529;OUI
SAANR_FOURRAGE_2;2002;FR;METRO;NR28;76;Cultures développées;3.11;Fourrages annuels;Groupe d'indicateurs;020.08;Production séche (volume);5435400;OUI
SAANR_FOURRAGE_2;2002;FR;METRO;NR28;14;Cultures développées;3.11;Fourrages annuels;Groupe d'indicateurs;050.07;Superficie concernée;43426;OUI
SAANR_FOURRAGE_2;2002;FR;METRO;NR28;27;Cultures développées;3.11;Fourrages annuels;Groupe d'indicateurs;050.07;Superficie concernée;14185;OUI
SAANR_FOURRAGE_2;2002;FR;METRO;NR28;50;Cultures développées;3.11;Fourrages annuels;Groupe d'indicateurs;050.07;Superficie concernée;93212;OUI
SAANR_FOURRAGE_2;2002;FR;METRO;NR28;61;Cultures développées;3.11;Fourrages annuels;Groupe d'indicateurs;050.07;Superficie concernée;51539;OUI
SAANR_FOURRAGE_2;2002;FR;METRO;NR28;76;Cultures développées;3.11;Fourrages annuels;Groupe d'indicateurs;050.07;Superficie concernée;39610;OUI
SAANR_FOURRAGE_2;2002;FR;METRO;NR28;14;Cultures développées;3.11;Fourrages annuels;Groupe d'indicateurs;070.02;Rendement matière sèche;;OUI
SAANR_FOURRAGE_2;2002;FR;METRO;NR28;27;Cultures développées;3.11;Fourrages annuels;Groupe d'indicateurs;070.02;Rendement matière sèche;;OUI
SAANR_FOURRAGE_2;2002;FR;METRO;NR28;50;Cultures développées;3.11;Fourrages annuels;Groupe d'indicateurs;070.02;Rendement matière sèche;;OUI
SAANR_FOURRAGE_2;2002;FR;METRO;NR28;61;Cultures développées;3.11;Fourrages annuels;Groupe d'indicateurs;070.02;Rendement matière sèche;;OUI
SAANR_FOURRAGE_2;2002;FR;METRO;NR28;76;Cultures développées;3.11;Fourrages annuels;Groupe d'indicateurs;070.02;Rendement matière sèche;;OUI
SAANR_FOURRAGE_2;2002;FR;METRO;NR28;14;Cultures développées;3.11.1;Maïs fourrage et ensilage (plante entière);Groupe d'indicateurs;020.08;Production séche (volume);6397448;OUI
SAANR_FOURRAGE_2;2002;FR;METRO;NR28;27;Cultures développées;3.11.1;Maïs fourrage et ensilage (plante entière);Groupe d'indicateurs;020.08;Production séche (volume);1804065;OUI
SAANR_FOURRAGE_2;2002;FR;METRO;NR28;50;Cultures développées;3.11.1;Maïs fourrage et ensilage (plante entière);Groupe d'indicateurs;020.08;Production séche (volume);13515740;OUI
SAANR_FOURRAGE_2;2002;FR;METRO;NR28;61;Cultures développées;3.11.1;Maïs fourrage et ensilage (plante entière);Groupe d'indicateurs;020.08;Production séche (volume);6477819;OUI
SAANR_FOURRAGE_2;2002;FR;METRO;NR28;76;Cultures développées;3.11.1;Maïs fourrage et ensilage (plante entière);Groupe d'indicateurs;020.08;Production séche (volume);5405400;OUI
SAANR_FOURRAGE_2;2002;FR;METRO;NR28;14;Cultures développées;3.11.1;Maïs fourrage et ensilage (plante entière);Groupe d'indicateurs;050.07;Superficie concernée;43226;OUI
SAANR_FOURRAGE_2;2002;FR;METRO;NR28;27;Cultures développées;3.11.1;Maïs fourrage et ensilage (plante entière);Groupe d'indicateurs;050.07;Superficie concernée;13985;OUI
SAANR_FOURRAGE_2;2002;FR;METRO;NR28;50;Cultures développées;3.11.1;Maïs fourrage et ensilage (plante entière);Groupe d'indicateurs;050.07;Superficie concernée;93212;OUI
SAANR_FOURRAGE_2;2002;FR;METRO;NR28;61;Cultures développées;3.11.1;Maïs fourrage et ensilage (plante entière);Groupe d'indicateurs;050.07;Superficie concernée;49449;OUI
SAANR_FOURRAGE_2;2002;FR;METRO;NR28;76;Cultures développées;3.11.1;Maïs fourrage et ensilage (plante entière);Groupe d'indicateurs;050.07;Superficie concernée;38610;OUI
SAANR_FOURRAGE_2;2002;FR;METRO;NR28;14;Cultures développées;3.11.1;Maïs fourrage et ensilage (plante entière);Groupe d'indicateurs;070.02;Rendement matière sèche;148;OUI
SAANR_FOURRAGE_2;2002;FR;METRO;NR28;27;Cultures développées;3.11.1;Maïs fourrage et ensilage (plante entière);Groupe d'indicateurs;070.02;Rendement matière sèche;129;OUI
SAANR_FOURRAGE_2;2002;FR;METRO;NR28;50;Cultures développées;3.11.1;Maïs fourrage et ensilage (plante entière);Groupe d'indicateurs;070.02;Rendement matière sèche;145;OUI
SAANR_FOURRAGE_2;2002;FR;METRO;NR28;61;Cultures développées;3.11.1;Maïs fourrage et ensilage (plante entière);Groupe d'indicateurs;070.02;Rendement matière sèche;131;OUI
SAANR_FOURRAGE_2;2002;FR;METRO;NR28;76;Cultures développées;3.11.1;Maïs fourrage et ensilage (plante entière);Groupe d'indicateurs;070.02;Rendement matière sèche;140;OUI
SAANR_FOURRAGE_2;2002;FR;METRO;NR28;14;Cultures développées;3.11.1.12;Maïs fourrage et ensilage (plante entière) non irrigué;Groupe d'indicateurs;020.08;Production séche (volume);6397448;OUI
SAANR_FOURRAGE_2;2002;FR;METRO;NR28;27;Cultures développées;3.11.1.12;Maïs fourrage et ensilage (plante entière) non irrigué;Groupe d'indicateurs;020.08;Production séche (volume);1804065;OUI
SAANR_FOURRAGE_2;2002;FR;METRO;NR28;50;Cultures développées;3.11.1.12;Maïs fourrage et ensilage (plante entière) non irrigué;Groupe d'indicateurs;020.08;Production séche (volume);13515740;OUI
SAANR_FOURRAGE_2;2002;FR;METRO;NR28;61;Cultures développées;3.11.1.12;Maïs fourrage et ensilage (plante entière) non irrigué;Groupe d'indicateurs;020.08;Production séche (volume);6477819;OUI
SAANR_FOURRAGE_2;2002;FR;METRO;NR28;76;Cultures développées;3.11.1.12;Maïs fourrage et ensilage (plante entière) non irrigué;Groupe d'indicateurs;020.08;Production séche (volume);5405400;OUI
SAANR_FOURRAGE_2;2002;FR;METRO;NR28;14;Cultures développées;3.11.1.12;Maïs fourrage et ensilage (plante entière) non irrigué;Groupe d'indicateurs;050.07;Superficie concernée;43226;OUI
SAANR_FOURRAGE_2;2002;FR;METRO;NR28;27;Cultures développées;3.11.1.12;Maïs fourrage et ensilage (plante entière) non irrigué;Groupe d'indicateurs;050.07;Superficie concernée;13985;OUI
SAANR_FOURRAGE_2;2002;FR;METRO;NR28;50;Cultures développées;3.11.1.12;Maïs fourrage et ensilage (plante entière) non irrigué;Groupe d'indicateurs;050.07;Superficie concernée;93212;OUI
SAANR_FOURRAGE_2;2002;FR;METRO;NR28;61;Cultures développées;3.11.1.12;Maïs fourrage et ensilage (plante entière) non irrigué;Groupe d'indicateurs;050.07;Superficie concernée;49449;OUI
SAANR_FOURRAGE_2;2002;FR;METRO;NR28;76;Cultures développées;3.11.1.12;Maïs fourrage et ensilage (plante entière) non irrigué;Groupe d'indicateurs;050.07;Superficie concernée;38610;OUI
SAANR_FOURRAGE_2;2002;FR;METRO;NR28;14;Cultures développées;3.11.1.12;Maïs fourrage et ensilage (plante entière) non irrigué;Groupe d'indicateurs;070.02;Rendement matière sèche;148;OUI
SAANR_FOURRAGE_2;2002;FR;METRO;NR28;27;Cultures développées;3.11.1.12;Maïs fourrage et ensilage (plante entière) non irrigué;Groupe d'indicateurs;070.02;Rendement matière sèche;129;OUI
SAANR_FOURRAGE_2;2002;FR;METRO;NR28;50;Cultures développées;3.11.1.12;Maïs fourrage et ensilage (plante entière) non irrigué;Groupe d'indicateurs;070.02;Rendement matière sèche;145;OUI
SAANR_FOURRAGE_2;2002;FR;METRO;NR28;61;Cultures développées;3.11.1.12;Maïs fourrage et ensilage (plante entière) non irrigué;Groupe d'indicateurs;070.02;Rendement matière sèche;131;OUI
SAANR_FOURRAGE_2;2002;FR;METRO;NR28;76;Cultures développées;3.11.1.12;Maïs fourrage et ensilage (plante entière) non irrigué;Groupe d'indicateurs;070.02;Rendement matière sèche;140;OUI
SAANR_FOURRAGE_2;2002;FR;METRO;NR28;14;Cultures développées;3.11.9;Autres fourrages annuels, n.c.a.;Groupe d'indicateurs;020.08;Production séche (volume);16000;OUI
SAANR_FOURRAGE_2;2002;FR;METRO;NR28;27;Cultures développées;3.11.9;Autres fourrages annuels, n.c.a.;Groupe d'indicateurs;020.08;Production séche (volume);10000;OUI
SAANR_FOURRAGE_2;2002;FR;METRO;NR28;50;Cultures développées;3.11.9;Autres fourrages annuels, n.c.a.;Groupe d'indicateurs;020.08;Production séche (volume);0;OUI
SAANR_FOURRAGE_2;2002;FR;METRO;NR28;61;Cultures développées;3.11.9;Autres fourrages annuels, n.c.a.;Groupe d'indicateurs;020.08;Production séche (volume);248710;OUI
SAANR_FOURRAGE_2;2002;FR;METRO;NR28;76;Cultures développées;3.11.9;Autres fourrages annuels, n.c.a.;Groupe d'indicateurs;020.08;Production séche (volume);30000;OUI
SAANR_FOURRAGE_2;2002;FR;METRO;NR28;14;Cultures développées;3.11.9;Autres fourrages annuels, n.c.a.;Groupe d'indicateurs;050.07;Superficie concernée;200;OUI
SAANR_FOURRAGE_2;2002;FR;METRO;NR28;27;Cultures développées;3.11.9;Autres fourrages annuels, n.c.a.;Groupe d'indicateurs;050.07;Superficie concernée;200;OUI
SAANR_FOURRAGE_2;2002;FR;METRO;NR28;50;Cultures développées;3.11.9;Autres fourrages annuels, n.c.a.;Groupe d'indicateurs;050.07;Superficie concernée;0;OUI
SAANR_FOURRAGE_2;2002;FR;METRO;NR28;61;Cultures développées;3.11.9;Autres fourrages annuels, n.c.a.;Groupe d'indicateurs;050.07;Superficie concernée;2090;OUI
SAANR_FOURRAGE_2;2002;FR;METRO;NR28;76;Cultures développées;3.11.9;Autres fourrages annuels, n.c.a.;Groupe d'indicateurs;050.07;Superficie concernée;1000;OUI
SAANR_FOURRAGE_2;2002;FR;METRO;NR28;14;Cultures développées;3.12;Prairies non permanentes et STH;Groupe d'indicateurs;020.08;Production séche (volume);16781158;OUI
SAANR_FOURRAGE_2;2002;FR;METRO;NR28;27;Cultures développées;3.12;Prairies non permanentes et STH;Groupe d'indicateurs;020.08;Production séche (volume);6585480;OUI
SAANR_FOURRAGE_2;2002;FR;METRO;NR28;50;Cultures développées;3.12;Prairies non permanentes et STH;Groupe d'indicateurs;020.08;Production séche (volume);30698109;OUI
SAANR_FOURRAGE_2;2002;FR;METRO;NR28;61;Cultures développées;3.12;Prairies non permanentes et STH;Groupe d'indicateurs;020.08;Production séche (volume);15609587;OUI
SAANR_FOURRAGE_2;2002;FR;METRO;NR28;76;Cultures développées;3.12;Prairies non permanentes et STH;Groupe d'indicateurs;020.08;Production séche (volume);11824538;OUI
SAANR_FOURRAGE_2;2002;FR;METRO;NR28;14;Cultures développées;3.12;Prairies non permanentes et STH;Groupe d'indicateurs;050.07;Superficie concernée;233713;OUI
SAANR_FOURRAGE_2;2002;FR;METRO;NR28;27;Cultures développées;3.12;Prairies non permanentes et STH;Groupe d'indicateurs;050.07;Superficie concernée;97908;OUI
SAANR_FOURRAGE_2;2002;FR;METRO;NR28;50;Cultures développées;3.12;Prairies non permanentes et STH;Groupe d'indicateurs;050.07;Superficie concernée;314018;OUI
SAANR_FOURRAGE_2;2002;FR;METRO;NR28;61;Cultures développées;3.12;Prairies non permanentes et STH;Groupe d'indicateurs;050.07;Superficie concernée;246039;OUI
SAANR_FOURRAGE_2;2002;FR;METRO;NR28;76;Cultures développées;3.12;Prairies non permanentes et STH;Groupe d'indicateurs;050.07;Superficie concernée;155677;OUI
SAANR_FOURRAGE_2;2002;FR;METRO;NR28;14;Cultures développées;3.12;Prairies non permanentes et STH;Groupe d'indicateurs;070.02;Rendement matière sèche;71.8;OUI
SAANR_FOURRAGE_2;2002;FR;METRO;NR28;27;Cultures développées;3.12;Prairies non permanentes et STH;Groupe d'indicateurs;070.02;Rendement matière sèche;67.3;OUI
SAANR_FOURRAGE_2;2002;FR;METRO;NR28;50;Cultures développées;3.12;Prairies non permanentes et STH;Groupe d'indicateurs;070.02;Rendement matière sèche;97.8;OUI
SAANR_FOURRAGE_2;2002;FR;METRO;NR28;61;Cultures développées;3.12;Prairies non permanentes et STH;Groupe d'indicateurs;070.02;Rendement matière sèche;63.4;OUI
SAANR_FOURRAGE_2;2002;FR;METRO;NR28;76;Cultures développées;3.12;Prairies non permanentes et STH;Groupe d'indicateurs;070.02;Rendement matière sèche;76;OUI
SAANR_FOURRAGE_2;2002;FR;METRO;NR28;14;Cultures développées;3.12.1;Prairies non permanentes;Groupe d'indicateurs;020.08;Production séche (volume);1679621;OUI
SAANR_FOURRAGE_2;2002;FR;METRO;NR28;27;Cultures développées;3.12.1;Prairies non permanentes;Groupe d'indicateurs;020.08;Production séche (volume);984960;OUI
SAANR_FOURRAGE_2;2002;FR;METRO;NR28;50;Cultures développées;3.12.1;Prairies non permanentes;Groupe d'indicateurs;020.08;Production séche (volume);6259341;OUI
SAANR_FOURRAGE_2;2002;FR;METRO;NR28;61;Cultures développées;3.12.1;Prairies non permanentes;Groupe d'indicateurs;020.08;Production séche (volume);2207175;OUI
SAANR_FOURRAGE_2;2002;FR;METRO;NR28;76;Cultures développées;3.12.1;Prairies non permanentes;Groupe d'indicateurs;020.08;Production séche (volume);1077494;OUI
SAANR_FOURRAGE_2;2002;FR;METRO;NR28;14;Cultures développées;3.12.1;Prairies non permanentes;Groupe d'indicateurs;050.07;Superficie concernée;19090;OUI
SAANR_FOURRAGE_2;2002;FR;METRO;NR28;27;Cultures développées;3.12.1;Prairies non permanentes;Groupe d'indicateurs;050.07;Superficie concernée;10104;OUI
SAANR_FOURRAGE_2;2002;FR;METRO;NR28;50;Cultures développées;3.12.1;Prairies non permanentes;Groupe d'indicateurs;050.07;Superficie concernée;56306;OUI
SAANR_FOURRAGE_2;2002;FR;METRO;NR28;61;Cultures développées;3.12.1;Prairies non permanentes;Groupe d'indicateurs;050.07;Superficie concernée;25191;OUI
SAANR_FOURRAGE_2;2002;FR;METRO;NR28;76;Cultures développées;3.12.1;Prairies non permanentes;Groupe d'indicateurs;050.07;Superficie concernée;10672;OUI
SAANR_FOURRAGE_2;2002;FR;METRO;NR28;14;Cultures développées;3.12.1;Prairies non permanentes;Groupe d'indicateurs;070.02;Rendement matière sèche;88;OUI
SAANR_FOURRAGE_2;2002;FR;METRO;NR28;27;Cultures développées;3.12.1;Prairies non permanentes;Groupe d'indicateurs;070.02;Rendement matière sèche;97.5;OUI
SAANR_FOURRAGE_2;2002;FR;METRO;NR28;50;Cultures développées;3.12.1;Prairies non permanentes;Groupe d'indicateurs;070.02;Rendement matière sèche;111.2;OUI
SAANR_FOURRAGE_2;2002;FR;METRO;NR28;61;Cultures développées;3.12.1;Prairies non permanentes;Groupe d'indicateurs;070.02;Rendement matière sèche;87.6;OUI
SAANR_FOURRAGE_2;2002;FR;METRO;NR28;76;Cultures développées;3.12.1;Prairies non permanentes;Groupe d'indicateurs;070.02;Rendement matière sèche;101;OUI
SAANR_FOURRAGE_2;2002;FR;METRO;NR28;14;Cultures développées;3.12.1.11;Prairie artificielle (luzerne, trèfle violet, ...);Groupe d'indicateurs;020.08;Production séche (volume);158539;OUI
SAANR_FOURRAGE_2;2002;FR;METRO;NR28;27;Cultures développées;3.12.1.11;Prairie artificielle (luzerne, trèfle violet, ...);Groupe d'indicateurs;020.08;Production séche (volume);453600;OUI
SAANR_FOURRAGE_2;2002;FR;METRO;NR28;50;Cultures développées;3.12.1.11;Prairie artificielle (luzerne, trèfle violet, ...);Groupe d'indicateurs;020.08;Production séche (volume);217500;OUI
SAANR_FOURRAGE_2;2002;FR;METRO;NR28;61;Cultures développées;3.12.1.11;Prairie artificielle (luzerne, trèfle violet, ...);Groupe d'indicateurs;020.08;Production séche (volume);246891;OUI
SAANR_FOURRAGE_2;2002;FR;METRO;NR28;76;Cultures développées;3.12.1.11;Prairie artificielle (luzerne, trèfle violet, ...);Groupe d'indicateurs;020.08;Production séche (volume);75650;OUI
SAANR_FOURRAGE_2;2002;FR;METRO;NR28;14;Cultures développées;3.12.1.11;Prairie artificielle (luzerne, trèfle violet, ...);Groupe d'indicateurs;050.07;Superficie concernée;1403;OUI
SAANR_FOURRAGE_2;2002;FR;METRO;NR28;27;Cultures développées;3.12.1.11;Prairie artificielle (luzerne, trèfle violet, ...);Groupe d'indicateurs;050.07;Superficie concernée;4200;OUI
SAANR_FOURRAGE_2;2002;FR;METRO;NR28;50;Cultures développées;3.12.1.11;Prairie artificielle (luzerne, trèfle violet, ...);Groupe d'indicateurs;050.07;Superficie concernée;1875;OUI
SAANR_FOURRAGE_2;2002;FR;METRO;NR28;61;Cultures développées;3.12.1.11;Prairie artificielle (luzerne, trèfle violet, ...);Groupe d'indicateurs;050.07;Superficie concernée;2397;OUI
SAANR_FOURRAGE_2;2002;FR;METRO;NR28;76;Cultures développées;3.12.1.11;Prairie artificielle (luzerne, trèfle violet, ...);Groupe d'indicateurs;050.07;Superficie concernée;850;OUI
SAANR_FOURRAGE_2;2002;FR;METRO;NR28;14;Cultures développées;3.12.1.11;Prairie artificielle (luzerne, trèfle violet, ...);Groupe d'indicateurs;070.02;Rendement matière sèche;113;OUI
SAANR_FOURRAGE_2;2002;FR;METRO;NR28;27;Cultures développées;3.12.1.11;Prairie artificielle (luzerne, trèfle violet, ...);Groupe d'indicateurs;070.02;Rendement matière sèche;108;OUI
SAANR_FOURRAGE_2;2002;FR;METRO;NR28;50;Cultures développées;3.12.1.11;Prairie artificielle (luzerne, trèfle violet, ...);Groupe d'indicateurs;070.02;Rendement matière sèche;116;OUI
SAANR_FOURRAGE_2;2002;FR;METRO;NR28;61;Cultures développées;3.12.1.11;Prairie artificielle (luzerne, trèfle violet, ...);Groupe d'indicateurs;070.02;Rendement matière sèche;103;OUI
SAANR_FOURRAGE_2;2002;FR;METRO;NR28;76;Cultures développées;3.12.1.11;Prairie artificielle (luzerne, trèfle violet, ...);Groupe d'indicateurs;070.02;Rendement matière sèche;89;OUI
SAANR_FOURRAGE_2;2002;FR;METRO;NR28;14;Cultures développées;3.12.1.11.2;Autres prairies artificielles;Groupe d'indicateurs;020.08;Production séche (volume);158539;OUI
SAANR_FOURRAGE_2;2002;FR;METRO;NR28;27;Cultures développées;3.12.1.11.2;Autres prairies artificielles;Groupe d'indicateurs;020.08;Production séche (volume);453600;OUI
SAANR_FOURRAGE_2;2002;FR;METRO;NR28;50;Cultures développées;3.12.1.11.2;Autres prairies artificielles;Groupe d'indicateurs;020.08;Production séche (volume);217500;OUI
SAANR_FOURRAGE_2;2002;FR;METRO;NR28;61;Cultures développées;3.12.1.11.2;Autres prairies artificielles;Groupe d'indicateurs;020.08;Production séche (volume);246891;OUI
SAANR_FOURRAGE_2;2002;FR;METRO;NR28;76;Cultures développées;3.12.1.11.2;Autres prairies artificielles;Groupe d'indicateurs;020.08;Production séche (volume);75650;OUI
SAANR_FOURRAGE_2;2002;FR;METRO;NR28;14;Cultures développées;3.12.1.11.2;Autres prairies artificielles;Groupe d'indicateurs;050.07;Superficie concernée;1403;OUI
SAANR_FOURRAGE_2;2002;FR;METRO;NR28;27;Cultures développées;3.12.1.11.2;Autres prairies artificielles;Groupe d'indicateurs;050.07;Superficie concernée;4200;OUI
SAANR_FOURRAGE_2;2002;FR;METRO;NR28;50;Cultures développées;3.12.1.11.2;Autres prairies artificielles;Groupe d'indicateurs;050.07;Superficie concernée;1875;OUI
SAANR_FOURRAGE_2;2002;FR;METRO;NR28;61;Cultures développées;3.12.1.11.2;Autres prairies artificielles;Groupe d'indicateurs;050.07;Superficie concernée;2397;OUI
SAANR_FOURRAGE_2;2002;FR;METRO;NR28;76;Cultures développées;3.12.1.11.2;Autres prairies artificielles;Groupe d'indicateurs;050.07;Superficie concernée;850;OUI
SAANR_FOURRAGE_2;2002;FR;METRO;NR28;14;Cultures développées;3.12.1.11.2;Autres prairies artificielles;Groupe d'indicateurs;070.02;Rendement matière sèche;113;OUI
SAANR_FOURRAGE_2;2002;FR;METRO;NR28;27;Cultures développées;3.12.1.11.2;Autres prairies artificielles;Groupe d'indicateurs;070.02;Rendement matière sèche;108;OUI
SAANR_FOURRAGE_2;2002;FR;METRO;NR28;50;Cultures développées;3.12.1.11.2;Autres prairies artificielles;Groupe d'indicateurs;070.02;Rendement matière sèche;116;OUI
SAANR_FOURRAGE_2;2002;FR;METRO;NR28;61;Cultures développées;3.12.1.11.2;Autres prairies artificielles;Groupe d'indicateurs;070.02;Rendement matière sèche;103;OUI
SAANR_FOURRAGE_2;2002;FR;METRO;NR28;76;Cultures développées;3.12.1.11.2;Autres prairies artificielles;Groupe d'indicateurs;070.02;Rendement matière sèche;89;OUI
SAANR_FOURRAGE_2;2002;FR;METRO;NR28;14;Cultures développées;3.12.1.12;Prairies temporaires;Groupe d'indicateurs;020.08;Production séche (volume);1521082;OUI
SAANR_FOURRAGE_2;2002;FR;METRO;NR28;27;Cultures développées;3.12.1.12;Prairies temporaires;Groupe d'indicateurs;020.08;Production séche (volume);531360;OUI
SAANR_FOURRAGE_2;2002;FR;METRO;NR28;50;Cultures développées;3.12.1.12;Prairies temporaires;Groupe d'indicateurs;020.08;Production séche (volume);6041841;OUI
SAANR_FOURRAGE_2;2002;FR;METRO;NR28;61;Cultures développées;3.12.1.12;Prairies temporaires;Groupe d'indicateurs;020.08;Production séche (volume);1960284;OUI
SAANR_FOURRAGE_2;2002;FR;METRO;NR28;76;Cultures développées;3.12.1.12;Prairies temporaires;Groupe d'indicateurs;020.08;Production séche (volume);1001844;OUI
SAANR_FOURRAGE_2;2002;FR;METRO;NR28;14;Cultures développées;3.12.1.12;Prairies temporaires;Groupe d'indicateurs;050.07;Superficie concernée;17687;OUI
SAANR_FOURRAGE_2;2002;FR;METRO;NR28;27;Cultures développées;3.12.1.12;Prairies temporaires;Groupe d'indicateurs;050.07;Superficie concernée;5904;OUI
SAANR_FOURRAGE_2;2002;FR;METRO;NR28;50;Cultures développées;3.12.1.12;Prairies temporaires;Groupe d'indicateurs;050.07;Superficie concernée;54431;OUI
SAANR_FOURRAGE_2;2002;FR;METRO;NR28;61;Cultures développées;3.12.1.12;Prairies temporaires;Groupe d'indicateurs;050.07;Superficie concernée;22794;OUI
SAANR_FOURRAGE_2;2002;FR;METRO;NR28;76;Cultures développées;3.12.1.12;Prairies temporaires;Groupe d'indicateurs;050.07;Superficie concernée;9822;OUI
SAANR_FOURRAGE_2;2002;FR;METRO;NR28;14;Cultures développées;3.12.1.12;Prairies temporaires;Groupe d'indicateurs;070.02;Rendement matière sèche;86;OUI
SAANR_FOURRAGE_2;2002;FR;METRO;NR28;27;Cultures développées;3.12.1.12;Prairies temporaires;Groupe d'indicateurs;070.02;Rendement matière sèche;90;OUI
SAANR_FOURRAGE_2;2002;FR;METRO;NR28;50;Cultures développées;3.12.1.12;Prairies temporaires;Groupe d'indicateurs;070.02;Rendement matière sèche;111;OUI
SAANR_FOURRAGE_2;2002;FR;METRO;NR28;61;Cultures développées;3.12.1.12;Prairies temporaires;Groupe d'indicateurs;070.02;Rendement matière sèche;86;OUI
SAANR_FOURRAGE_2;2002;FR;METRO;NR28;76;Cultures développées;3.12.1.12;Prairies temporaires;Groupe d'indicateurs;070.02;Rendement matière sèche;102;OUI
SAANR_FOURRAGE_2;2002;FR;METRO;NR28;14;Cultures développées;3.12.2;Superficie toujours en herbe (STH);Groupe d'indicateurs;020.08;Production séche (volume);15101537;OUI
SAANR_FOURRAGE_2;2002;FR;METRO;NR28;27;Cultures développées;3.12.2;Superficie toujours en herbe (STH);Groupe d'indicateurs;020.08;Production séche (volume);5600520;OUI
SAANR_FOURRAGE_2;2002;FR;METRO;NR28;50;Cultures développées;3.12.2;Superficie toujours en herbe (STH);Groupe d'indicateurs;020.08;Production séche (volume);24438768;OUI
SAANR_FOURRAGE_2;2002;FR;METRO;NR28;61;Cultures développées;3.12.2;Superficie toujours en herbe (STH);Groupe d'indicateurs;020.08;Production séche (volume);13402412;OUI
SAANR_FOURRAGE_2;2002;FR;METRO;NR28;76;Cultures développées;3.12.2;Superficie toujours en herbe (STH);Groupe d'indicateurs;020.08;Production séche (volume);10747044;OUI
SAANR_FOURRAGE_2;2002;FR;METRO;NR28;14;Cultures développées;3.12.2;Superficie toujours en herbe (STH);Groupe d'indicateurs;050.07;Superficie concernée;214623;OUI
SAANR_FOURRAGE_2;2002;FR;METRO;NR28;27;Cultures développées;3.12.2;Superficie toujours en herbe (STH);Groupe d'indicateurs;050.07;Superficie concernée;87804;OUI
SAANR_FOURRAGE_2;2002;FR;METRO;NR28;50;Cultures développées;3.12.2;Superficie toujours en herbe (STH);Groupe d'indicateurs;050.07;Superficie concernée;257712;OUI
SAANR_FOURRAGE_2;2002;FR;METRO;NR28;61;Cultures développées;3.12.2;Superficie toujours en herbe (STH);Groupe d'indicateurs;050.07;Superficie concernée;220848;OUI
SAANR_FOURRAGE_2;2002;FR;METRO;NR28;76;Cultures développées;3.12.2;Superficie toujours en herbe (STH);Groupe d'indicateurs;050.07;Superficie concernée;145005;OUI
SAANR_FOURRAGE_2;2002;FR;METRO;NR28;14;Cultures développées;3.12.2;Superficie toujours en herbe (STH);Groupe d'indicateurs;070.02;Rendement matière sèche;70.4;OUI
SAANR_FOURRAGE_2;2002;FR;METRO;NR28;27;Cultures développées;3.12.2;Superficie toujours en herbe (STH);Groupe d'indicateurs;070.02;Rendement matière sèche;63.8;OUI
SAANR_FOURRAGE_2;2002;FR;METRO;NR28;50;Cultures développées;3.12.2;Superficie toujours en herbe (STH);Groupe d'indicateurs;070.02;Rendement matière sèche;94.8;OUI
SAANR_FOURRAGE_2;2002;FR;METRO;NR28;61;Cultures développées;3.12.2;Superficie toujours en herbe (STH);Groupe d'indicateurs;070.02;Rendement matière sèche;60.7;OUI
SAANR_FOURRAGE_2;2002;FR;METRO;NR28;76;Cultures développées;3.12.2;Superficie toujours en herbe (STH);Groupe d'indicateurs;070.02;Rendement matière sèche;74.1;OUI
SAANR_FOURRAGE_2;2002;FR;METRO;NR28;14;Cultures développées;3.12.2.11;Prairies naturelles ou semées depuis plus de 6 ans;Groupe d'indicateurs;020.08;Production séche (volume);15064922;OUI
SAANR_FOURRAGE_2;2002;FR;METRO;NR28;27;Cultures développées;3.12.2.11;Prairies naturelles ou semées depuis plus de 6 ans;Groupe d'indicateurs;020.08;Production séche (volume);5553080;OUI
SAANR_FOURRAGE_2;2002;FR;METRO;NR28;50;Cultures développées;3.12.2.11;Prairies naturelles ou semées depuis plus de 6 ans;Groupe d'indicateurs;020.08;Production séche (volume);24265728;OUI
SAANR_FOURRAGE_2;2002;FR;METRO;NR28;61;Cultures développées;3.12.2.11;Prairies naturelles ou semées depuis plus de 6 ans;Groupe d'indicateurs;020.08;Production séche (volume);13390415;OUI
SAANR_FOURRAGE_2;2002;FR;METRO;NR28;76;Cultures développées;3.12.2.11;Prairies naturelles ou semées depuis plus de 6 ans;Groupe d'indicateurs;020.08;Production séche (volume);10518900;OUI
SAANR_FOURRAGE_2;2002;FR;METRO;NR28;14;Cultures développées;3.12.2.11;Prairies naturelles ou semées depuis plus de 6 ans;Groupe d'indicateurs;050.07;Superficie concernée;212182;OUI
SAANR_FOURRAGE_2;2002;FR;METRO;NR28;27;Cultures développées;3.12.2.11;Prairies naturelles ou semées depuis plus de 6 ans;Groupe d'indicateurs;050.07;Superficie concernée;85432;OUI
SAANR_FOURRAGE_2;2002;FR;METRO;NR28;50;Cultures développées;3.12.2.11;Prairies naturelles ou semées depuis plus de 6 ans;Groupe d'indicateurs;050.07;Superficie concernée;252768;OUI
SAANR_FOURRAGE_2;2002;FR;METRO;NR28;61;Cultures développées;3.12.2.11;Prairies naturelles ou semées depuis plus de 6 ans;Groupe d'indicateurs;050.07;Superficie concernée;219515;OUI
SAANR_FOURRAGE_2;2002;FR;METRO;NR28;76;Cultures développées;3.12.2.11;Prairies naturelles ou semées depuis plus de 6 ans;Groupe d'indicateurs;050.07;Superficie concernée;140252;OUI
SAANR_FOURRAGE_2;2002;FR;METRO;NR28;14;Cultures développées;3.12.2.11;Prairies naturelles ou semées depuis plus de 6 ans;Groupe d'indicateurs;070.02;Rendement matière sèche;71;OUI
SAANR_FOURRAGE_2;2002;FR;METRO;NR28;27;Cultures développées;3.12.2.11;Prairies naturelles ou semées depuis plus de 6 ans;Groupe d'indicateurs;070.02;Rendement matière sèche;65;OUI
SAANR_FOURRAGE_2;2002;FR;METRO;NR28;50;Cultures développées;3.12.2.11;Prairies naturelles ou semées depuis plus de 6 ans;Groupe d'indicateurs;070.02;Rendement matière sèche;96;OUI
SAANR_FOURRAGE_2;2002;FR;METRO;NR28;61;Cultures développées;3.12.2.11;Prairies naturelles ou semées depuis plus de 6 ans;Groupe d'indicateurs;070.02;Rendement matière sèche;61;OUI
SAANR_FOURRAGE_2;2002;FR;METRO;NR28;76;Cultures développées;3.12.2.11;Prairies naturelles ou semées depuis plus de 6 ans;Groupe d'indicateurs;070.02;Rendement matière sèche;75;OUI
SAANR_FOURRAGE_2;2002;FR;METRO;NR28;14;Cultures développées;3.12.2.12;STH (Superficies toujours en herbe) peu productives (pâturages pauvres);Groupe d'indicateurs;020.08;Production séche (volume);36615;OUI
SAANR_FOURRAGE_2;2002;FR;METRO;NR28;27;Cultures développées;3.12.2.12;STH (Superficies toujours en herbe) peu productives (pâturages pauvres);Groupe d'indicateurs;020.08;Production séche (volume);47440;OUI
SAANR_FOURRAGE_2;2002;FR;METRO;NR28;50;Cultures développées;3.12.2.12;STH (Superficies toujours en herbe) peu productives (pâturages pauvres);Groupe d'indicateurs;020.08;Production séche (volume);173040;OUI
SAANR_FOURRAGE_2;2002;FR;METRO;NR28;61;Cultures développées;3.12.2.12;STH (Superficies toujours en herbe) peu productives (pâturages pauvres);Groupe d'indicateurs;020.08;Production séche (volume);11997;OUI
SAANR_FOURRAGE_2;2002;FR;METRO;NR28;76;Cultures développées;3.12.2.12;STH (Superficies toujours en herbe) peu productives (pâturages pauvres);Groupe d'indicateurs;020.08;Production séche (volume);228144;OUI
SAANR_FOURRAGE_2;2002;FR;METRO;NR28;14;Cultures développées;3.12.2.12;STH (Superficies toujours en herbe) peu productives (pâturages pauvres);Groupe d'indicateurs;050.07;Superficie concernée;2441;OUI
SAANR_FOURRAGE_2;2002;FR;METRO;NR28;27;Cultures développées;3.12.2.12;STH (Superficies toujours en herbe) peu productives (pâturages pauvres);Groupe d'indicateurs;050.07;Superficie concernée;2372;OUI
SAANR_FOURRAGE_2;2002;FR;METRO;NR28;50;Cultures développées;3.12.2.12;STH (Superficies toujours en herbe) peu productives (pâturages pauvres);Groupe d'indicateurs;050.07;Superficie concernée;4944;OUI
SAANR_FOURRAGE_2;2002;FR;METRO;NR28;61;Cultures développées;3.12.2.12;STH (Superficies toujours en herbe) peu productives (pâturages pauvres);Groupe d'indicateurs;050.07;Superficie concernée;1333;OUI
SAANR_FOURRAGE_2;2002;FR;METRO;NR28;76;Cultures développées;3.12.2.12;STH (Superficies toujours en herbe) peu productives (pâturages pauvres);Groupe d'indicateurs;050.07;Superficie concernée;4753;OUI
SAANR_FOURRAGE_2;2002;FR;METRO;NR28;14;Cultures développées;3.12.2.12;STH (Superficies toujours en herbe) peu productives (pâturages pauvres);Groupe d'indicateurs;070.02;Rendement matière sèche;15;OUI
SAANR_FOURRAGE_2;2002;FR;METRO;NR28;27;Cultures développées;3.12.2.12;STH (Superficies toujours en herbe) peu productives (pâturages pauvres);Groupe d'indicateurs;070.02;Rendement matière sèche;20;OUI
SAANR_FOURRAGE_2;2002;FR;METRO;NR28;50;Cultures développées;3.12.2.12;STH (Superficies toujours en herbe) peu productives (pâturages pauvres);Groupe d'indicateurs;070.02;Rendement matière sèche;35;OUI
SAANR_FOURRAGE_2;2002;FR;METRO;NR28;61;Cultures développées;3.12.2.12;STH (Superficies toujours en herbe) peu productives (pâturages pauvres);Groupe d'indicateurs;070.02;Rendement matière sèche;9;OUI
SAANR_FOURRAGE_2;2002;FR;METRO;NR28;76;Cultures développées;3.12.2.12;STH (Superficies toujours en herbe) peu productives (pâturages pauvres);Groupe d'indicateurs;070.02;Rendement matière sèche;48;OUI
SAANR_FOURRAGE_2;2002;FR;METRO;NR32;02;Cultures développées;3;Fourrages annuels, prairies non permanentes et STH;Groupe d'indicateurs;020.08;Production séche (volume);8208839;OUI
SAANR_FOURRAGE_2;2002;FR;METRO;NR32;59;Cultures développées;3;Fourrages annuels, prairies non permanentes et STH;Groupe d'indicateurs;020.08;Production séche (volume);11262133;OUI
SAANR_FOURRAGE_2;2002;FR;METRO;NR32;60;Cultures développées;3;Fourrages annuels, prairies non permanentes et STH;Groupe d'indicateurs;020.08;Production séche (volume);4815208;OUI
SAANR_FOURRAGE_2;2002;FR;METRO;NR32;62;Cultures développées;3;Fourrages annuels, prairies non permanentes et STH;Groupe d'indicateurs;020.08;Production séche (volume);12482598;OUI
SAANR_FOURRAGE_2;2002;FR;METRO;NR32;80;Cultures développées;3;Fourrages annuels, prairies non permanentes et STH;Groupe d'indicateurs;020.08;Production séche (volume);8467529;OUI
SAANR_FOURRAGE_2;2002;FR;METRO;NR32;02;Cultures développées;3;Fourrages annuels, prairies non permanentes et STH;Groupe d'indicateurs;050.07;Superficie concernée;97097;OUI
SAANR_FOURRAGE_2;2002;FR;METRO;NR32;59;Cultures développées;3;Fourrages annuels, prairies non permanentes et STH;Groupe d'indicateurs;050.07;Superficie concernée;130918;OUI
SAANR_FOURRAGE_2;2002;FR;METRO;NR32;60;Cultures développées;3;Fourrages annuels, prairies non permanentes et STH;Groupe d'indicateurs;050.07;Superficie concernée;62073;OUI
SAANR_FOURRAGE_2;2002;FR;METRO;NR32;62;Cultures développées;3;Fourrages annuels, prairies non permanentes et STH;Groupe d'indicateurs;050.07;Superficie concernée;140634;OUI
SAANR_FOURRAGE_2;2002;FR;METRO;NR32;80;Cultures développées;3;Fourrages annuels, prairies non permanentes et STH;Groupe d'indicateurs;050.07;Superficie concernée;88625;OUI
SAANR_FOURRAGE_2;2002;FR;METRO;NR32;02;Cultures développées;3;Fourrages annuels, prairies non permanentes et STH;Groupe d'indicateurs;070.02;Rendement matière sèche;;OUI
SAANR_FOURRAGE_2;2002;FR;METRO;NR32;59;Cultures développées;3;Fourrages annuels, prairies non permanentes et STH;Groupe d'indicateurs;070.02;Rendement matière sèche;;OUI
SAANR_FOURRAGE_2;2002;FR;METRO;NR32;60;Cultures développées;3;Fourrages annuels, prairies non permanentes et STH;Groupe d'indicateurs;070.02;Rendement matière sèche;;OUI
SAANR_FOURRAGE_2;2002;FR;METRO;NR32;62;Cultures développées;3;Fourrages annuels, prairies non permanentes et STH;Groupe d'indicateurs;070.02;Rendement matière sèche;;OUI
SAANR_FOURRAGE_2;2002;FR;METRO;NR32;80;Cultures développées;3;Fourrages annuels, prairies non permanentes et STH;Groupe d'indicateurs;070.02;Rendement matière sèche;;OUI
SAANR_FOURRAGE_2;2002;FR;METRO;NR32;02;Cultures développées;3.11;Fourrages annuels;Groupe d'indicateurs;020.08;Production séche (volume);1806802;OUI
SAANR_FOURRAGE_2;2002;FR;METRO;NR32;59;Cultures développées;3.11;Fourrages annuels;Groupe d'indicateurs;020.08;Production séche (volume);4309635;OUI
SAANR_FOURRAGE_2;2002;FR;METRO;NR32;60;Cultures développées;3.11;Fourrages annuels;Groupe d'indicateurs;020.08;Production séche (volume);1691478;OUI
SAANR_FOURRAGE_2;2002;FR;METRO;NR32;62;Cultures développées;3.11;Fourrages annuels;Groupe d'indicateurs;020.08;Production séche (volume);5686193;OUI
SAANR_FOURRAGE_2;2002;FR;METRO;NR32;80;Cultures développées;3.11;Fourrages annuels;Groupe d'indicateurs;020.08;Production séche (volume);4168170;OUI
SAANR_FOURRAGE_2;2002;FR;METRO;NR32;02;Cultures développées;3.11;Fourrages annuels;Groupe d'indicateurs;050.07;Superficie concernée;13162;OUI
SAANR_FOURRAGE_2;2002;FR;METRO;NR32;59;Cultures développées;3.11;Fourrages annuels;Groupe d'indicateurs;050.07;Superficie concernée;30063;OUI
SAANR_FOURRAGE_2;2002;FR;METRO;NR32;60;Cultures développées;3.11;Fourrages annuels;Groupe d'indicateurs;050.07;Superficie concernée;12935;OUI
SAANR_FOURRAGE_2;2002;FR;METRO;NR32;62;Cultures développées;3.11;Fourrages annuels;Groupe d'indicateurs;050.07;Superficie concernée;45695;OUI
SAANR_FOURRAGE_2;2002;FR;METRO;NR32;80;Cultures développées;3.11;Fourrages annuels;Groupe d'indicateurs;050.07;Superficie concernée;30134;OUI
SAANR_FOURRAGE_2;2002;FR;METRO;NR32;02;Cultures développées;3.11;Fourrages annuels;Groupe d'indicateurs;070.02;Rendement matière sèche;;OUI
SAANR_FOURRAGE_2;2002;FR;METRO;NR32;59;Cultures développées;3.11;Fourrages annuels;Groupe d'indicateurs;070.02;Rendement matière sèche;;OUI
SAANR_FOURRAGE_2;2002;FR;METRO;NR32;60;Cultures développées;3.11;Fourrages annuels;Groupe d'indicateurs;070.02;Rendement matière sèche;;OUI
SAANR_FOURRAGE_2;2002;FR;METRO;NR32;62;Cultures développées;3.11;Fourrages annuels;Groupe d'indicateurs;070.02;Rendement matière sèche;;OUI
SAANR_FOURRAGE_2;2002;FR;METRO;NR32;80;Cultures développées;3.11;Fourrages annuels;Groupe d'indicateurs;070.02;Rendement matière sèche;;OUI
SAANR_FOURRAGE_2;2002;FR;METRO;NR32;02;Cultures développées;3.11.1;Maïs fourrage et ensilage (plante entière);Groupe d'indicateurs;020.08;Production séche (volume);1714480;OUI
SAANR_FOURRAGE_2;2002;FR;METRO;NR32;59;Cultures développées;3.11.1;Maïs fourrage et ensilage (plante entière);Groupe d'indicateurs;020.08;Production séche (volume);4286635;OUI
SAANR_FOURRAGE_2;2002;FR;METRO;NR32;60;Cultures développées;3.11.1;Maïs fourrage et ensilage (plante entière);Groupe d'indicateurs;020.08;Production séche (volume);1561616;OUI
SAANR_FOURRAGE_2;2002;FR;METRO;NR32;62;Cultures développées;3.11.1;Maïs fourrage et ensilage (plante entière);Groupe d'indicateurs;020.08;Production séche (volume);5411205;OUI
SAANR_FOURRAGE_2;2002;FR;METRO;NR32;80;Cultures développées;3.11.1;Maïs fourrage et ensilage (plante entière);Groupe d'indicateurs;020.08;Production séche (volume);4052790;OUI
SAANR_FOURRAGE_2;2002;FR;METRO;NR32;02;Cultures développées;3.11.1;Maïs fourrage et ensilage (plante entière);Groupe d'indicateurs;050.07;Superficie concernée;11824;OUI
SAANR_FOURRAGE_2;2002;FR;METRO;NR32;59;Cultures développées;3.11.1;Maïs fourrage et ensilage (plante entière);Groupe d'indicateurs;050.07;Superficie concernée;29563;OUI
SAANR_FOURRAGE_2;2002;FR;METRO;NR32;60;Cultures développées;3.11.1;Maïs fourrage et ensilage (plante entière);Groupe d'indicateurs;050.07;Superficie concernée;10696;OUI
SAANR_FOURRAGE_2;2002;FR;METRO;NR32;62;Cultures développées;3.11.1;Maïs fourrage et ensilage (plante entière);Groupe d'indicateurs;050.07;Superficie concernée;40083;OUI
SAANR_FOURRAGE_2;2002;FR;METRO;NR32;80;Cultures développées;3.11.1;Maïs fourrage et ensilage (plante entière);Groupe d'indicateurs;050.07;Superficie concernée;27570;OUI
SAANR_FOURRAGE_2;2002;FR;METRO;NR32;02;Cultures développées;3.11.1;Maïs fourrage et ensilage (plante entière);Groupe d'indicateurs;070.02;Rendement matière sèche;145;OUI
SAANR_FOURRAGE_2;2002;FR;METRO;NR32;59;Cultures développées;3.11.1;Maïs fourrage et ensilage (plante entière);Groupe d'indicateurs;070.02;Rendement matière sèche;145;OUI
SAANR_FOURRAGE_2;2002;FR;METRO;NR32;60;Cultures développées;3.11.1;Maïs fourrage et ensilage (plante entière);Groupe d'indicateurs;070.02;Rendement matière sèche;146;OUI
SAANR_FOURRAGE_2;2002;FR;METRO;NR32;62;Cultures développées;3.11.1;Maïs fourrage et ensilage (plante entière);Groupe d'indicateurs;070.02;Rendement matière sèche;135;OUI
SAANR_FOURRAGE_2;2002;FR;METRO;NR32;80;Cultures développées;3.11.1;Maïs fourrage et ensilage (plante entière);Groupe d'indicateurs;070.02;Rendement matière sèche;147;OUI
SAANR_FOURRAGE_2;2002;FR;METRO;NR32;02;Cultures développées;3.11.1.12;Maïs fourrage et ensilage (plante entière) non irrigué;Groupe d'indicateurs;020.08;Production séche (volume);1714480;OUI
SAANR_FOURRAGE_2;2002;FR;METRO;NR32;59;Cultures développées;3.11.1.12;Maïs fourrage et ensilage (plante entière) non irrigué;Groupe d'indicateurs;020.08;Production séche (volume);4286635;OUI
SAANR_FOURRAGE_2;2002;FR;METRO;NR32;60;Cultures développées;3.11.1.12;Maïs fourrage et ensilage (plante entière) non irrigué;Groupe d'indicateurs;020.08;Production séche (volume);1561616;OUI
SAANR_FOURRAGE_2;2002;FR;METRO;NR32;62;Cultures développées;3.11.1.12;Maïs fourrage et ensilage (plante entière) non irrigué;Groupe d'indicateurs;020.08;Production séche (volume);5411205;OUI
SAANR_FOURRAGE_2;2002;FR;METRO;NR32;80;Cultures développées;3.11.1.12;Maïs fourrage et ensilage (plante entière) non irrigué;Groupe d'indicateurs;020.08;Production séche (volume);4052790;OUI
SAANR_FOURRAGE_2;2002;FR;METRO;NR32;02;Cultures développées;3.11.1.12;Maïs fourrage et ensilage (plante entière) non irrigué;Groupe d'indicateurs;050.07;Superficie concernée;11824;OUI
SAANR_FOURRAGE_2;2002;FR;METRO;NR32;59;Cultures développées;3.11.1.12;Maïs fourrage et ensilage (plante entière) non irrigué;Groupe d'indicateurs;050.07;Superficie concernée;29563;OUI
SAANR_FOURRAGE_2;2002;FR;METRO;NR32;60;Cultures développées;3.11.1.12;Maïs fourrage et ensilage (plante entière) non irrigué;Groupe d'indicateurs;050.07;Superficie concernée;10696;OUI
SAANR_FOURRAGE_2;2002;FR;METRO;NR32;62;Cultures développées;3.11.1.12;Maïs fourrage et ensilage (plante entière) non irrigué;Groupe d'indicateurs;050.07;Superficie concernée;40083;OUI
SAANR_FOURRAGE_2;2002;FR;METRO;NR32;80;Cultures développées;3.11.1.12;Maïs fourrage et ensilage (plante entière) non irrigué;Groupe d'indicateurs;050.07;Superficie concernée;27570;OUI
SAANR_FOURRAGE_2;2002;FR;METRO;NR32;02;Cultures développées;3.11.1.12;Maïs fourrage et ensilage (plante entière) non irrigué;Groupe d'indicateurs;070.02;Rendement matière sèche;145;OUI
SAANR_FOURRAGE_2;2002;FR;METRO;NR32;59;Cultures développées;3.11.1.12;Maïs fourrage et ensilage (plante entière) non irrigué;Groupe d'indicateurs;070.02;Rendement matière sèche;145;OUI
SAANR_FOURRAGE_2;2002;FR;METRO;NR32;60;Cultures développées;3.11.1.12;Maïs fourrage et ensilage (plante entière) non irrigué;Groupe d'indicateurs;070.02;Rendement matière sèche;146;OUI
SAANR_FOURRAGE_2;2002;FR;METRO;NR32;62;Cultures développées;3.11.1.12;Maïs fourrage et ensilage (plante entière) non irrigué;Groupe d'indicateurs;070.02;Rendement matière sèche;135;OUI
SAANR_FOURRAGE_2;2002;FR;METRO;NR32;80;Cultures développées;3.11.1.12;Maïs fourrage et ensilage (plante entière) non irrigué;Groupe d'indicateurs;070.02;Rendement matière sèche;147;OUI
SAANR_FOURRAGE_2;2002;FR;METRO;NR32;02;Cultures développées;3.11.9;Autres fourrages annuels, n.c.a.;Groupe d'indicateurs;020.08;Production séche (volume);92322;OUI
SAANR_FOURRAGE_2;2002;FR;METRO;NR32;59;Cultures développées;3.11.9;Autres fourrages annuels, n.c.a.;Groupe d'indicateurs;020.08;Production séche (volume);23000;OUI
SAANR_FOURRAGE_2;2002;FR;METRO;NR32;60;Cultures développées;3.11.9;Autres fourrages annuels, n.c.a.;Groupe d'indicateurs;020.08;Production séche (volume);129862;OUI
SAANR_FOURRAGE_2;2002;FR;METRO;NR32;62;Cultures développées;3.11.9;Autres fourrages annuels, n.c.a.;Groupe d'indicateurs;020.08;Production séche (volume);274988;OUI
SAANR_FOURRAGE_2;2002;FR;METRO;NR32;80;Cultures développées;3.11.9;Autres fourrages annuels, n.c.a.;Groupe d'indicateurs;020.08;Production séche (volume);115380;OUI
SAANR_FOURRAGE_2;2002;FR;METRO;NR32;02;Cultures développées;3.11.9;Autres fourrages annuels, n.c.a.;Groupe d'indicateurs;050.07;Superficie concernée;1338;OUI
SAANR_FOURRAGE_2;2002;FR;METRO;NR32;59;Cultures développées;3.11.9;Autres fourrages annuels, n.c.a.;Groupe d'indicateurs;050.07;Superficie concernée;500;OUI
SAANR_FOURRAGE_2;2002;FR;METRO;NR32;60;Cultures développées;3.11.9;Autres fourrages annuels, n.c.a.;Groupe d'indicateurs;050.07;Superficie concernée;2239;OUI
SAANR_FOURRAGE_2;2002;FR;METRO;NR32;62;Cultures développées;3.11.9;Autres fourrages annuels, n.c.a.;Groupe d'indicateurs;050.07;Superficie concernée;5612;OUI
SAANR_FOURRAGE_2;2002;FR;METRO;NR32;80;Cultures développées;3.11.9;Autres fourrages annuels, n.c.a.;Groupe d'indicateurs;050.07;Superficie concernée;2564;OUI
SAANR_FOURRAGE_2;2002;FR;METRO;NR32;02;Cultures développées;3.12;Prairies non permanentes et STH;Groupe d'indicateurs;020.08;Production séche (volume);6402037;OUI
SAANR_FOURRAGE_2;2002;FR;METRO;NR32;59;Cultures développées;3.12;Prairies non permanentes et STH;Groupe d'indicateurs;020.08;Production séche (volume);6952498;OUI
SAANR_FOURRAGE_2;2002;FR;METRO;NR32;60;Cultures développées;3.12;Prairies non permanentes et STH;Groupe d'indicateurs;020.08;Production séche (volume);3123730;OUI
SAANR_FOURRAGE_2;2002;FR;METRO;NR32;62;Cultures développées;3.12;Prairies non permanentes et STH;Groupe d'indicateurs;020.08;Production séche (volume);6796405;OUI
SAANR_FOURRAGE_2;2002;FR;METRO;NR32;80;Cultures développées;3.12;Prairies non permanentes et STH;Groupe d'indicateurs;020.08;Production séche (volume);4299359;OUI
SAANR_FOURRAGE_2;2002;FR;METRO;NR32;02;Cultures développées;3.12;Prairies non permanentes et STH;Groupe d'indicateurs;050.07;Superficie concernée;83935;OUI
SAANR_FOURRAGE_2;2002;FR;METRO;NR32;59;Cultures développées;3.12;Prairies non permanentes et STH;Groupe d'indicateurs;050.07;Superficie concernée;100855;OUI
SAANR_FOURRAGE_2;2002;FR;METRO;NR32;60;Cultures développées;3.12;Prairies non permanentes et STH;Groupe d'indicateurs;050.07;Superficie concernée;49138;OUI
SAANR_FOURRAGE_2;2002;FR;METRO;NR32;62;Cultures développées;3.12;Prairies non permanentes et STH;Groupe d'indicateurs;050.07;Superficie concernée;94939;OUI
SAANR_FOURRAGE_2;2002;FR;METRO;NR32;80;Cultures développées;3.12;Prairies non permanentes et STH;Groupe d'indicateurs;050.07;Superficie concernée;58491;OUI
SAANR_FOURRAGE_2;2002;FR;METRO;NR32;02;Cultures développées;3.12;Prairies non permanentes et STH;Groupe d'indicateurs;070.02;Rendement matière sèche;76.3;OUI
SAANR_FOURRAGE_2;2002;FR;METRO;NR32;59;Cultures développées;3.12;Prairies non permanentes et STH;Groupe d'indicateurs;070.02;Rendement matière sèche;68.9;OUI
SAANR_FOURRAGE_2;2002;FR;METRO;NR32;60;Cultures développées;3.12;Prairies non permanentes et STH;Groupe d'indicateurs;070.02;Rendement matière sèche;63.6;OUI
SAANR_FOURRAGE_2;2002;FR;METRO;NR32;62;Cultures développées;3.12;Prairies non permanentes et STH;Groupe d'indicateurs;070.02;Rendement matière sèche;71.6;OUI
SAANR_FOURRAGE_2;2002;FR;METRO;NR32;80;Cultures développées;3.12;Prairies non permanentes et STH;Groupe d'indicateurs;070.02;Rendement matière sèche;73.5;OUI
SAANR_FOURRAGE_2;2002;FR;METRO;NR32;02;Cultures développées;3.12.1;Prairies non permanentes;Groupe d'indicateurs;020.08;Production séche (volume);309153;OUI
SAANR_FOURRAGE_2;2002;FR;METRO;NR32;59;Cultures développées;3.12.1;Prairies non permanentes;Groupe d'indicateurs;020.08;Production séche (volume);407570;OUI
SAANR_FOURRAGE_2;2002;FR;METRO;NR32;60;Cultures développées;3.12.1;Prairies non permanentes;Groupe d'indicateurs;020.08;Production séche (volume);322196;OUI
SAANR_FOURRAGE_2;2002;FR;METRO;NR32;62;Cultures développées;3.12.1;Prairies non permanentes;Groupe d'indicateurs;020.08;Production séche (volume);724262;OUI
SAANR_FOURRAGE_2;2002;FR;METRO;NR32;80;Cultures développées;3.12.1;Prairies non permanentes;Groupe d'indicateurs;020.08;Production séche (volume);629711;OUI
SAANR_FOURRAGE_2;2002;FR;METRO;NR32;02;Cultures développées;3.12.1;Prairies non permanentes;Groupe d'indicateurs;050.07;Superficie concernée;3120;OUI
SAANR_FOURRAGE_2;2002;FR;METRO;NR32;59;Cultures développées;3.12.1;Prairies non permanentes;Groupe d'indicateurs;050.07;Superficie concernée;4478;OUI
SAANR_FOURRAGE_2;2002;FR;METRO;NR32;60;Cultures développées;3.12.1;Prairies non permanentes;Groupe d'indicateurs;050.07;Superficie concernée;3224;OUI
SAANR_FOURRAGE_2;2002;FR;METRO;NR32;62;Cultures développées;3.12.1;Prairies non permanentes;Groupe d'indicateurs;050.07;Superficie concernée;7820;OUI
SAANR_FOURRAGE_2;2002;FR;METRO;NR32;80;Cultures développées;3.12.1;Prairies non permanentes;Groupe d'indicateurs;050.07;Superficie concernée;5811;OUI
SAANR_FOURRAGE_2;2002;FR;METRO;NR32;02;Cultures développées;3.12.1;Prairies non permanentes;Groupe d'indicateurs;070.02;Rendement matière sèche;99.1;OUI
SAANR_FOURRAGE_2;2002;FR;METRO;NR32;59;Cultures développées;3.12.1;Prairies non permanentes;Groupe d'indicateurs;070.02;Rendement matière sèche;91;OUI
SAANR_FOURRAGE_2;2002;FR;METRO;NR32;60;Cultures développées;3.12.1;Prairies non permanentes;Groupe d'indicateurs;070.02;Rendement matière sèche;99.9;OUI
SAANR_FOURRAGE_2;2002;FR;METRO;NR32;62;Cultures développées;3.12.1;Prairies non permanentes;Groupe d'indicateurs;070.02;Rendement matière sèche;92.6;OUI
SAANR_FOURRAGE_2;2002;FR;METRO;NR32;80;Cultures développées;3.12.1;Prairies non permanentes;Groupe d'indicateurs;070.02;Rendement matière sèche;108.4;OUI
SAANR_FOURRAGE_2;2002;FR;METRO;NR32;02;Cultures développées;3.12.1.11;Prairie artificielle (luzerne, trèfle violet, ...);Groupe d'indicateurs;020.08;Production séche (volume);154866;OUI
SAANR_FOURRAGE_2;2002;FR;METRO;NR32;59;Cultures développées;3.12.1.11;Prairie artificielle (luzerne, trèfle violet, ...);Groupe d'indicateurs;020.08;Production séche (volume);63050;OUI
SAANR_FOURRAGE_2;2002;FR;METRO;NR32;60;Cultures développées;3.12.1.11;Prairie artificielle (luzerne, trèfle violet, ...);Groupe d'indicateurs;020.08;Production séche (volume);159222;OUI
SAANR_FOURRAGE_2;2002;FR;METRO;NR32;62;Cultures développées;3.12.1.11;Prairie artificielle (luzerne, trèfle violet, ...);Groupe d'indicateurs;020.08;Production séche (volume);94815;OUI
SAANR_FOURRAGE_2;2002;FR;METRO;NR32;80;Cultures développées;3.12.1.11;Prairie artificielle (luzerne, trèfle violet, ...);Groupe d'indicateurs;020.08;Production séche (volume);305139;OUI
SAANR_FOURRAGE_2;2002;FR;METRO;NR32;02;Cultures développées;3.12.1.11;Prairie artificielle (luzerne, trèfle violet, ...);Groupe d'indicateurs;050.07;Superficie concernée;1461;OUI
SAANR_FOURRAGE_2;2002;FR;METRO;NR32;59;Cultures développées;3.12.1.11;Prairie artificielle (luzerne, trèfle violet, ...);Groupe d'indicateurs;050.07;Superficie concernée;650;OUI
SAANR_FOURRAGE_2;2002;FR;METRO;NR32;60;Cultures développées;3.12.1.11;Prairie artificielle (luzerne, trèfle violet, ...);Groupe d'indicateurs;050.07;Superficie concernée;1561;OUI
SAANR_FOURRAGE_2;2002;FR;METRO;NR32;62;Cultures développées;3.12.1.11;Prairie artificielle (luzerne, trèfle violet, ...);Groupe d'indicateurs;050.07;Superficie concernée;903;OUI
SAANR_FOURRAGE_2;2002;FR;METRO;NR32;80;Cultures développées;3.12.1.11;Prairie artificielle (luzerne, trèfle violet, ...);Groupe d'indicateurs;050.07;Superficie concernée;2749;OUI
SAANR_FOURRAGE_2;2002;FR;METRO;NR32;02;Cultures développées;3.12.1.11;Prairie artificielle (luzerne, trèfle violet, ...);Groupe d'indicateurs;070.02;Rendement matière sèche;106;OUI
SAANR_FOURRAGE_2;2002;FR;METRO;NR32;59;Cultures développées;3.12.1.11;Prairie artificielle (luzerne, trèfle violet, ...);Groupe d'indicateurs;070.02;Rendement matière sèche;97;OUI
SAANR_FOURRAGE_2;2002;FR;METRO;NR32;60;Cultures développées;3.12.1.11;Prairie artificielle (luzerne, trèfle violet, ...);Groupe d'indicateurs;070.02;Rendement matière sèche;102;OUI
SAANR_FOURRAGE_2;2002;FR;METRO;NR32;62;Cultures développées;3.12.1.11;Prairie artificielle (luzerne, trèfle violet, ...);Groupe d'indicateurs;070.02;Rendement matière sèche;105;OUI
SAANR_FOURRAGE_2;2002;FR;METRO;NR32;80;Cultures développées;3.12.1.11;Prairie artificielle (luzerne, trèfle violet, ...);Groupe d'indicateurs;070.02;Rendement matière sèche;111;OUI
SAANR_FOURRAGE_2;2002;FR;METRO;NR32;02;Cultures développées;3.12.1.11.2;Autres prairies artificielles;Groupe d'indicateurs;020.08;Production séche (volume);154866;OUI
SAANR_FOURRAGE_2;2002;FR;METRO;NR32;59;Cultures développées;3.12.1.11.2;Autres prairies artificielles;Groupe d'indicateurs;020.08;Production séche (volume);63050;OUI
SAANR_FOURRAGE_2;2002;FR;METRO;NR32;60;Cultures développées;3.12.1.11.2;Autres prairies artificielles;Groupe d'indicateurs;020.08;Production séche (volume);159222;OUI
SAANR_FOURRAGE_2;2002;FR;METRO;NR32;62;Cultures développées;3.12.1.11.2;Autres prairies artificielles;Groupe d'indicateurs;020.08;Production séche (volume);94815;OUI
SAANR_FOURRAGE_2;2002;FR;METRO;NR32;80;Cultures développées;3.12.1.11.2;Autres prairies artificielles;Groupe d'indicateurs;020.08;Production séche (volume);305139;OUI
SAANR_FOURRAGE_2;2002;FR;METRO;NR32;02;Cultures développées;3.12.1.11.2;Autres prairies artificielles;Groupe d'indicateurs;050.07;Superficie concernée;1461;OUI
SAANR_FOURRAGE_2;2002;FR;METRO;NR32;59;Cultures développées;3.12.1.11.2;Autres prairies artificielles;Groupe d'indicateurs;050.07;Superficie concernée;650;OUI
SAANR_FOURRAGE_2;2002;FR;METRO;NR32;60;Cultures développées;3.12.1.11.2;Autres prairies artificielles;Groupe d'indicateurs;050.07;Superficie concernée;1561;OUI
SAANR_FOURRAGE_2;2002;FR;METRO;NR32;62;Cultures développées;3.12.1.11.2;Autres prairies artificielles;Groupe d'indicateurs;050.07;Superficie concernée;903;OUI
SAANR_FOURRAGE_2;2002;FR;METRO;NR32;80;Cultures développées;3.12.1.11.2;Autres prairies artificielles;Groupe d'indicateurs;050.07;Superficie concernée;2749;OUI
SAANR_FOURRAGE_2;2002;FR;METRO;NR32;02;Cultures développées;3.12.1.11.2;Autres prairies artificielles;Groupe d'indicateurs;070.02;Rendement matière sèche;106;OUI
SAANR_FOURRAGE_2;2002;FR;METRO;NR32;59;Cultures développées;3.12.1.11.2;Autres prairies artificielles;Groupe d'indicateurs;070.02;Rendement matière sèche;97;OUI
SAANR_FOURRAGE_2;2002;FR;METRO;NR32;60;Cultures développées;3.12.1.11.2;Autres prairies artificielles;Groupe d'indicateurs;070.02;Rendement matière sèche;102;OUI
SAANR_FOURRAGE_2;2002;FR;METRO;NR32;62;Cultures développées;3.12.1.11.2;Autres prairies artificielles;Groupe d'indicateurs;070.02;Rendement matière sèche;105;OUI
SAANR_FOURRAGE_2;2002;FR;METRO;NR32;80;Cultures développées;3.12.1.11.2;Autres prairies artificielles;Groupe d'indicateurs;070.02;Rendement matière sèche;111;OUI
SAANR_FOURRAGE_2;2002;FR;METRO;NR32;02;Cultures développées;3.12.1.12;Prairies temporaires;Groupe d'indicateurs;020.08;Production séche (volume);154287;OUI
SAANR_FOURRAGE_2;2002;FR;METRO;NR32;59;Cultures développées;3.12.1.12;Prairies temporaires;Groupe d'indicateurs;020.08;Production séche (volume);344520;OUI
SAANR_FOURRAGE_2;2002;FR;METRO;NR32;60;Cultures développées;3.12.1.12;Prairies temporaires;Groupe d'indicateurs;020.08;Production séche (volume);162974;OUI
SAANR_FOURRAGE_2;2002;FR;METRO;NR32;62;Cultures développées;3.12.1.12;Prairies temporaires;Groupe d'indicateurs;020.08;Production séche (volume);629447;OUI
SAANR_FOURRAGE_2;2002;FR;METRO;NR32;80;Cultures développées;3.12.1.12;Prairies temporaires;Groupe d'indicateurs;020.08;Production séche (volume);324572;OUI
SAANR_FOURRAGE_2;2002;FR;METRO;NR32;02;Cultures développées;3.12.1.12;Prairies temporaires;Groupe d'indicateurs;050.07;Superficie concernée;1659;OUI
SAANR_FOURRAGE_2;2002;FR;METRO;NR32;59;Cultures développées;3.12.1.12;Prairies temporaires;Groupe d'indicateurs;050.07;Superficie concernée;3828;OUI
SAANR_FOURRAGE_2;2002;FR;METRO;NR32;60;Cultures développées;3.12.1.12;Prairies temporaires;Groupe d'indicateurs;050.07;Superficie concernée;1663;OUI
SAANR_FOURRAGE_2;2002;FR;METRO;NR32;62;Cultures développées;3.12.1.12;Prairies temporaires;Groupe d'indicateurs;050.07;Superficie concernée;6917;OUI
SAANR_FOURRAGE_2;2002;FR;METRO;NR32;80;Cultures développées;3.12.1.12;Prairies temporaires;Groupe d'indicateurs;050.07;Superficie concernée;3062;OUI
SAANR_FOURRAGE_2;2002;FR;METRO;NR32;02;Cultures développées;3.12.1.12;Prairies temporaires;Groupe d'indicateurs;070.02;Rendement matière sèche;93;OUI
SAANR_FOURRAGE_2;2002;FR;METRO;NR32;59;Cultures développées;3.12.1.12;Prairies temporaires;Groupe d'indicateurs;070.02;Rendement matière sèche;90;OUI
SAANR_FOURRAGE_2;2002;FR;METRO;NR32;60;Cultures développées;3.12.1.12;Prairies temporaires;Groupe d'indicateurs;070.02;Rendement matière sèche;98;OUI
SAANR_FOURRAGE_2;2002;FR;METRO;NR32;62;Cultures développées;3.12.1.12;Prairies temporaires;Groupe d'indicateurs;070.02;Rendement matière sèche;91;OUI
SAANR_FOURRAGE_2;2002;FR;METRO;NR32;80;Cultures développées;3.12.1.12;Prairies temporaires;Groupe d'indicateurs;070.02;Rendement matière sèche;106;OUI
SAANR_FOURRAGE_2;2002;FR;METRO;NR32;02;Cultures développées;3.12.2;Superficie toujours en herbe (STH);Groupe d'indicateurs;020.08;Production séche (volume);6092884;OUI
SAANR_FOURRAGE_2;2002;FR;METRO;NR32;59;Cultures développées;3.12.2;Superficie toujours en herbe (STH);Groupe d'indicateurs;020.08;Production séche (volume);6544928;OUI
SAANR_FOURRAGE_2;2002;FR;METRO;NR32;60;Cultures développées;3.12.2;Superficie toujours en herbe (STH);Groupe d'indicateurs;020.08;Production séche (volume);2801534;OUI
SAANR_FOURRAGE_2;2002;FR;METRO;NR32;62;Cultures développées;3.12.2;Superficie toujours en herbe (STH);Groupe d'indicateurs;020.08;Production séche (volume);6072143;OUI
SAANR_FOURRAGE_2;2002;FR;METRO;NR32;80;Cultures développées;3.12.2;Superficie toujours en herbe (STH);Groupe d'indicateurs;020.08;Production séche (volume);3669648;OUI
SAANR_FOURRAGE_2;2002;FR;METRO;NR32;02;Cultures développées;3.12.2;Superficie toujours en herbe (STH);Groupe d'indicateurs;050.07;Superficie concernée;80815;OUI
SAANR_FOURRAGE_2;2002;FR;METRO;NR32;59;Cultures développées;3.12.2;Superficie toujours en herbe (STH);Groupe d'indicateurs;050.07;Superficie concernée;96377;OUI
SAANR_FOURRAGE_2;2002;FR;METRO;NR32;60;Cultures développées;3.12.2;Superficie toujours en herbe (STH);Groupe d'indicateurs;050.07;Superficie concernée;45914;OUI
SAANR_FOURRAGE_2;2002;FR;METRO;NR32;62;Cultures développées;3.12.2;Superficie toujours en herbe (STH);Groupe d'indicateurs;050.07;Superficie concernée;87119;OUI
SAANR_FOURRAGE_2;2002;FR;METRO;NR32;80;Cultures développées;3.12.2;Superficie toujours en herbe (STH);Groupe d'indicateurs;050.07;Superficie concernée;52680;OUI
SAANR_FOURRAGE_2;2002;FR;METRO;NR32;02;Cultures développées;3.12.2;Superficie toujours en herbe (STH);Groupe d'indicateurs;070.02;Rendement matière sèche;75.4;OUI
SAANR_FOURRAGE_2;2002;FR;METRO;NR32;59;Cultures développées;3.12.2;Superficie toujours en herbe (STH);Groupe d'indicateurs;070.02;Rendement matière sèche;67.9;OUI
SAANR_FOURRAGE_2;2002;FR;METRO;NR32;60;Cultures développées;3.12.2;Superficie toujours en herbe (STH);Groupe d'indicateurs;070.02;Rendement matière sèche;61;OUI
SAANR_FOURRAGE_2;2002;FR;METRO;NR32;62;Cultures développées;3.12.2;Superficie toujours en herbe (STH);Groupe d'indicateurs;070.02;Rendement matière sèche;69.7;OUI
SAANR_FOURRAGE_2;2002;FR;METRO;NR32;80;Cultures développées;3.12.2;Superficie toujours en herbe (STH);Groupe d'indicateurs;070.02;Rendement matière sèche;69.7;OUI
SAANR_FOURRAGE_2;2002;FR;METRO;NR32;02;Cultures développées;3.12.2.11;Prairies naturelles ou semées depuis plus de 6 ans;Groupe d'indicateurs;020.08;Production séche (volume);6075364;OUI
SAANR_FOURRAGE_2;2002;FR;METRO;NR32;59;Cultures développées;3.12.2.11;Prairies naturelles ou semées depuis plus de 6 ans;Groupe d'indicateurs;020.08;Production séche (volume);6532488;OUI
SAANR_FOURRAGE_2;2002;FR;METRO;NR32;60;Cultures développées;3.12.2.11;Prairies naturelles ou semées depuis plus de 6 ans;Groupe d'indicateurs;020.08;Production séche (volume);2741634;OUI
SAANR_FOURRAGE_2;2002;FR;METRO;NR32;62;Cultures développées;3.12.2.11;Prairies naturelles ou semées depuis plus de 6 ans;Groupe d'indicateurs;020.08;Production séche (volume);6055700;OUI
SAANR_FOURRAGE_2;2002;FR;METRO;NR32;80;Cultures développées;3.12.2.11;Prairies naturelles ou semées depuis plus de 6 ans;Groupe d'indicateurs;020.08;Production séche (volume);3647412;OUI
SAANR_FOURRAGE_2;2002;FR;METRO;NR32;02;Cultures développées;3.12.2.11;Prairies naturelles ou semées depuis plus de 6 ans;Groupe d'indicateurs;050.07;Superficie concernée;79939;OUI
SAANR_FOURRAGE_2;2002;FR;METRO;NR32;59;Cultures développées;3.12.2.11;Prairies naturelles ou semées depuis plus de 6 ans;Groupe d'indicateurs;050.07;Superficie concernée;96066;OUI
SAANR_FOURRAGE_2;2002;FR;METRO;NR32;60;Cultures développées;3.12.2.11;Prairies naturelles ou semées depuis plus de 6 ans;Groupe d'indicateurs;050.07;Superficie concernée;43518;OUI
SAANR_FOURRAGE_2;2002;FR;METRO;NR32;62;Cultures développées;3.12.2.11;Prairies naturelles ou semées depuis plus de 6 ans;Groupe d'indicateurs;050.07;Superficie concernée;86510;OUI
SAANR_FOURRAGE_2;2002;FR;METRO;NR32;80;Cultures développées;3.12.2.11;Prairies naturelles ou semées depuis plus de 6 ans;Groupe d'indicateurs;050.07;Superficie concernée;51372;OUI
SAANR_FOURRAGE_2;2002;FR;METRO;NR32;02;Cultures développées;3.12.2.11;Prairies naturelles ou semées depuis plus de 6 ans;Groupe d'indicateurs;070.02;Rendement matière sèche;76;OUI
SAANR_FOURRAGE_2;2002;FR;METRO;NR32;59;Cultures développées;3.12.2.11;Prairies naturelles ou semées depuis plus de 6 ans;Groupe d'indicateurs;070.02;Rendement matière sèche;68;OUI
SAANR_FOURRAGE_2;2002;FR;METRO;NR32;60;Cultures développées;3.12.2.11;Prairies naturelles ou semées depuis plus de 6 ans;Groupe d'indicateurs;070.02;Rendement matière sèche;63;OUI
SAANR_FOURRAGE_2;2002;FR;METRO;NR32;62;Cultures développées;3.12.2.11;Prairies naturelles ou semées depuis plus de 6 ans;Groupe d'indicateurs;070.02;Rendement matière sèche;70;OUI
SAANR_FOURRAGE_2;2002;FR;METRO;NR32;80;Cultures développées;3.12.2.11;Prairies naturelles ou semées depuis plus de 6 ans;Groupe d'indicateurs;070.02;Rendement matière sèche;71;OUI
SAANR_FOURRAGE_2;2002;FR;METRO;NR32;02;Cultures développées;3.12.2.12;STH (Superficies toujours en herbe) peu productives (pâturages pauvres);Groupe d'indicateurs;020.08;Production séche (volume);17520;OUI
SAANR_FOURRAGE_2;2002;FR;METRO;NR32;59;Cultures développées;3.12.2.12;STH (Superficies toujours en herbe) peu productives (pâturages pauvres);Groupe d'indicateurs;020.08;Production séche (volume);12440;OUI
SAANR_FOURRAGE_2;2002;FR;METRO;NR32;60;Cultures développées;3.12.2.12;STH (Superficies toujours en herbe) peu productives (pâturages pauvres);Groupe d'indicateurs;020.08;Production séche (volume);59900;OUI
SAANR_FOURRAGE_2;2002;FR;METRO;NR32;62;Cultures développées;3.12.2.12;STH (Superficies toujours en herbe) peu productives (pâturages pauvres);Groupe d'indicateurs;020.08;Production séche (volume);16443;OUI
SAANR_FOURRAGE_2;2002;FR;METRO;NR32;80;Cultures développées;3.12.2.12;STH (Superficies toujours en herbe) peu productives (pâturages pauvres);Groupe d'indicateurs;020.08;Production séche (volume);22236;OUI
SAANR_FOURRAGE_2;2002;FR;METRO;NR32;02;Cultures développées;3.12.2.12;STH (Superficies toujours en herbe) peu productives (pâturages pauvres);Groupe d'indicateurs;050.07;Superficie concernée;876;OUI
SAANR_FOURRAGE_2;2002;FR;METRO;NR32;59;Cultures développées;3.12.2.12;STH (Superficies toujours en herbe) peu productives (pâturages pauvres);Groupe d'indicateurs;050.07;Superficie concernée;311;OUI
SAANR_FOURRAGE_2;2002;FR;METRO;NR32;60;Cultures développées;3.12.2.12;STH (Superficies toujours en herbe) peu productives (pâturages pauvres);Groupe d'indicateurs;050.07;Superficie concernée;2396;OUI
SAANR_FOURRAGE_2;2002;FR;METRO;NR32;62;Cultures développées;3.12.2.12;STH (Superficies toujours en herbe) peu productives (pâturages pauvres);Groupe d'indicateurs;050.07;Superficie concernée;609;OUI
SAANR_FOURRAGE_2;2002;FR;METRO;NR32;80;Cultures développées;3.12.2.12;STH (Superficies toujours en herbe) peu productives (pâturages pauvres);Groupe d'indicateurs;050.07;Superficie concernée;1308;OUI
SAANR_FOURRAGE_2;2002;FR;METRO;NR32;02;Cultures développées;3.12.2.12;STH (Superficies toujours en herbe) peu productives (pâturages pauvres);Groupe d'indicateurs;070.02;Rendement matière sèche;20;OUI
SAANR_FOURRAGE_2;2002;FR;METRO;NR32;59;Cultures développées;3.12.2.12;STH (Superficies toujours en herbe) peu productives (pâturages pauvres);Groupe d'indicateurs;070.02;Rendement matière sèche;40;OUI
SAANR_FOURRAGE_2;2002;FR;METRO;NR32;60;Cultures développées;3.12.2.12;STH (Superficies toujours en herbe) peu productives (pâturages pauvres);Groupe d'indicateurs;070.02;Rendement matière sèche;25;OUI
SAANR_FOURRAGE_2;2002;FR;METRO;NR32;62;Cultures développées;3.12.2.12;STH (Superficies toujours en herbe) peu productives (pâturages pauvres);Groupe d'indicateurs;070.02;Rendement matière sèche;27;OUI
SAANR_FOURRAGE_2;2002;FR;METRO;NR32;80;Cultures développées;3.12.2.12;STH (Superficies toujours en herbe) peu productives (pâturages pauvres);Groupe d'indicateurs;070.02;Rendement matière sèche;17;OUI
SAANR_FOURRAGE_2;2002;FR;METRO;NR44;08;Cultures développées;3;Fourrages annuels, prairies non permanentes et STH;Groupe d'indicateurs;020.08;Production séche (volume);13542070;OUI
SAANR_FOURRAGE_2;2002;FR;METRO;NR44;10;Cultures développées;3;Fourrages annuels, prairies non permanentes et STH;Groupe d'indicateurs;020.08;Production séche (volume);3914867;OUI
SAANR_FOURRAGE_2;2002;FR;METRO;NR44;51;Cultures développées;3;Fourrages annuels, prairies non permanentes et STH;Groupe d'indicateurs;020.08;Production séche (volume);7925860;OUI
SAANR_FOURRAGE_2;2002;FR;METRO;NR44;52;Cultures développées;3;Fourrages annuels, prairies non permanentes et STH;Groupe d'indicateurs;020.08;Production séche (volume);8125999;OUI
SAANR_FOURRAGE_2;2002;FR;METRO;NR44;54;Cultures développées;3;Fourrages annuels, prairies non permanentes et STH;Groupe d'indicateurs;020.08;Production séche (volume);8870488;OUI
SAANR_FOURRAGE_2;2002;FR;METRO;NR44;55;Cultures développées;3;Fourrages annuels, prairies non permanentes et STH;Groupe d'indicateurs;020.08;Production séche (volume);10132675;OUI
SAANR_FOURRAGE_2;2002;FR;METRO;NR44;57;Cultures développées;3;Fourrages annuels, prairies non permanentes et STH;Groupe d'indicateurs;020.08;Production séche (volume);10938524;OUI
SAANR_FOURRAGE_2;2002;FR;METRO;NR44;67;Cultures développées;3;Fourrages annuels, prairies non permanentes et STH;Groupe d'indicateurs;020.08;Production séche (volume);4524432;OUI
SAANR_FOURRAGE_2;2002;FR;METRO;NR44;68;Cultures développées;3;Fourrages annuels, prairies non permanentes et STH;Groupe d'indicateurs;020.08;Production séche (volume);2637214;OUI
SAANR_FOURRAGE_2;2002;FR;METRO;NR44;88;Cultures développées;3;Fourrages annuels, prairies non permanentes et STH;Groupe d'indicateurs;020.08;Production séche (volume);11362567;OUI
SAANR_FOURRAGE_2;2002;FR;METRO;NR44;08;Cultures développées;3;Fourrages annuels, prairies non permanentes et STH;Groupe d'indicateurs;050.07;Superficie concernée;172805;OUI
SAANR_FOURRAGE_2;2002;FR;METRO;NR44;10;Cultures développées;3;Fourrages annuels, prairies non permanentes et STH;Groupe d'indicateurs;050.07;Superficie concernée;47922;OUI
SAANR_FOURRAGE_2;2002;FR;METRO;NR44;51;Cultures développées;3;Fourrages annuels, prairies non permanentes et STH;Groupe d'indicateurs;050.07;Superficie concernée;80616;OUI
SAANR_FOURRAGE_2;2002;FR;METRO;NR44;52;Cultures développées;3;Fourrages annuels, prairies non permanentes et STH;Groupe d'indicateurs;050.07;Superficie concernée;135706;OUI
SAANR_FOURRAGE_2;2002;FR;METRO;NR44;54;Cultures développées;3;Fourrages annuels, prairies non permanentes et STH;Groupe d'indicateurs;050.07;Superficie concernée;131888;OUI
SAANR_FOURRAGE_2;2002;FR;METRO;NR44;55;Cultures développées;3;Fourrages annuels, prairies non permanentes et STH;Groupe d'indicateurs;050.07;Superficie concernée;144209;OUI
SAANR_FOURRAGE_2;2002;FR;METRO;NR44;57;Cultures développées;3;Fourrages annuels, prairies non permanentes et STH;Groupe d'indicateurs;050.07;Superficie concernée;169722;OUI
SAANR_FOURRAGE_2;2002;FR;METRO;NR44;67;Cultures développées;3;Fourrages annuels, prairies non permanentes et STH;Groupe d'indicateurs;050.07;Superficie concernée;62668;OUI
SAANR_FOURRAGE_2;2002;FR;METRO;NR44;68;Cultures développées;3;Fourrages annuels, prairies non permanentes et STH;Groupe d'indicateurs;050.07;Superficie concernée;37867;OUI
SAANR_FOURRAGE_2;2002;FR;METRO;NR44;88;Cultures développées;3;Fourrages annuels, prairies non permanentes et STH;Groupe d'indicateurs;050.07;Superficie concernée;174301;OUI
SAANR_FOURRAGE_2;2002;FR;METRO;NR44;08;Cultures développées;3;Fourrages annuels, prairies non permanentes et STH;Groupe d'indicateurs;070.02;Rendement matière sèche;;OUI
SAANR_FOURRAGE_2;2002;FR;METRO;NR44;10;Cultures développées;3;Fourrages annuels, prairies non permanentes et STH;Groupe d'indicateurs;070.02;Rendement matière sèche;;OUI
SAANR_FOURRAGE_2;2002;FR;METRO;NR44;51;Cultures développées;3;Fourrages annuels, prairies non permanentes et STH;Groupe d'indicateurs;070.02;Rendement matière sèche;;OUI
SAANR_FOURRAGE_2;2002;FR;METRO;NR44;52;Cultures développées;3;Fourrages annuels, prairies non permanentes et STH;Groupe d'indicateurs;070.02;Rendement matière sèche;;OUI
SAANR_FOURRAGE_2;2002;FR;METRO;NR44;54;Cultures développées;3;Fourrages annuels, prairies non permanentes et STH;Groupe d'indicateurs;070.02;Rendement matière sèche;;OUI
SAANR_FOURRAGE_2;2002;FR;METRO;NR44;55;Cultures développées;3;Fourrages annuels, prairies non permanentes et STH;Groupe d'indicateurs;070.02;Rendement matière sèche;;OUI
SAANR_FOURRAGE_2;2002;FR;METRO;NR44;57;Cultures développées;3;Fourrages annuels, prairies non permanentes et STH;Groupe d'indicateurs;070.02;Rendement matière sèche;;OUI
SAANR_FOURRAGE_2;2002;FR;METRO;NR44;67;Cultures développées;3;Fourrages annuels, prairies non permanentes et STH;Groupe d'indicateurs;070.02;Rendement matière sèche;;OUI
SAANR_FOURRAGE_2;2002;FR;METRO;NR44;68;Cultures développées;3;Fourrages annuels, prairies non permanentes et STH;Groupe d'indicateurs;070.02;Rendement matière sèche;;OUI
SAANR_FOURRAGE_2;2002;FR;METRO;NR44;88;Cultures développées;3;Fourrages annuels, prairies non permanentes et STH;Groupe d'indicateurs;070.02;Rendement matière sèche;;OUI
SAANR_FOURRAGE_2;2002;FR;METRO;NR44;08;Cultures développées;3.11;Fourrages annuels;Groupe d'indicateurs;020.08;Production séche (volume);1945180;OUI
SAANR_FOURRAGE_2;2002;FR;METRO;NR44;10;Cultures développées;3.11;Fourrages annuels;Groupe d'indicateurs;020.08;Production séche (volume);632390;OUI
SAANR_FOURRAGE_2;2002;FR;METRO;NR44;51;Cultures développées;3.11;Fourrages annuels;Groupe d'indicateurs;020.08;Production séche (volume);722231;OUI
SAANR_FOURRAGE_2;2002;FR;METRO;NR44;52;Cultures développées;3.11;Fourrages annuels;Groupe d'indicateurs;020.08;Production séche (volume);1855318;OUI
SAANR_FOURRAGE_2;2002;FR;METRO;NR44;54;Cultures développées;3.11;Fourrages annuels;Groupe d'indicateurs;020.08;Production séche (volume);2284370;OUI
SAANR_FOURRAGE_2;2002;FR;METRO;NR44;55;Cultures développées;3.11;Fourrages annuels;Groupe d'indicateurs;020.08;Production séche (volume);2387720;OUI
SAANR_FOURRAGE_2;2002;FR;METRO;NR44;57;Cultures développées;3.11;Fourrages annuels;Groupe d'indicateurs;020.08;Production séche (volume);2263540;OUI
SAANR_FOURRAGE_2;2002;FR;METRO;NR44;67;Cultures développées;3.11;Fourrages annuels;Groupe d'indicateurs;020.08;Production séche (volume);1088263;OUI
SAANR_FOURRAGE_2;2002;FR;METRO;NR44;68;Cultures développées;3.11;Fourrages annuels;Groupe d'indicateurs;020.08;Production séche (volume);623105;OUI
SAANR_FOURRAGE_2;2002;FR;METRO;NR44;88;Cultures développées;3.11;Fourrages annuels;Groupe d'indicateurs;020.08;Production séche (volume);1636659;OUI
SAANR_FOURRAGE_2;2002;FR;METRO;NR44;08;Cultures développées;3.11;Fourrages annuels;Groupe d'indicateurs;050.07;Superficie concernée;13907;OUI
SAANR_FOURRAGE_2;2002;FR;METRO;NR44;10;Cultures développées;3.11;Fourrages annuels;Groupe d'indicateurs;050.07;Superficie concernée;4587;OUI
SAANR_FOURRAGE_2;2002;FR;METRO;NR44;51;Cultures développées;3.11;Fourrages annuels;Groupe d'indicateurs;050.07;Superficie concernée;6024;OUI
SAANR_FOURRAGE_2;2002;FR;METRO;NR44;52;Cultures développées;3.11;Fourrages annuels;Groupe d'indicateurs;050.07;Superficie concernée;15751;OUI
SAANR_FOURRAGE_2;2002;FR;METRO;NR44;54;Cultures développées;3.11;Fourrages annuels;Groupe d'indicateurs;050.07;Superficie concernée;19115;OUI
SAANR_FOURRAGE_2;2002;FR;METRO;NR44;55;Cultures développées;3.11;Fourrages annuels;Groupe d'indicateurs;050.07;Superficie concernée;20752;OUI
SAANR_FOURRAGE_2;2002;FR;METRO;NR44;57;Cultures développées;3.11;Fourrages annuels;Groupe d'indicateurs;050.07;Superficie concernée;19122;OUI
SAANR_FOURRAGE_2;2002;FR;METRO;NR44;67;Cultures développées;3.11;Fourrages annuels;Groupe d'indicateurs;050.07;Superficie concernée;7929;OUI
SAANR_FOURRAGE_2;2002;FR;METRO;NR44;68;Cultures développées;3.11;Fourrages annuels;Groupe d'indicateurs;050.07;Superficie concernée;4531;OUI
SAANR_FOURRAGE_2;2002;FR;METRO;NR44;88;Cultures développées;3.11;Fourrages annuels;Groupe d'indicateurs;050.07;Superficie concernée;15629;OUI
SAANR_FOURRAGE_2;2002;FR;METRO;NR44;08;Cultures développées;3.11;Fourrages annuels;Groupe d'indicateurs;070.02;Rendement matière sèche;;OUI
SAANR_FOURRAGE_2;2002;FR;METRO;NR44;10;Cultures développées;3.11;Fourrages annuels;Groupe d'indicateurs;070.02;Rendement matière sèche;;OUI
SAANR_FOURRAGE_2;2002;FR;METRO;NR44;51;Cultures développées;3.11;Fourrages annuels;Groupe d'indicateurs;070.02;Rendement matière sèche;;OUI
SAANR_FOURRAGE_2;2002;FR;METRO;NR44;52;Cultures développées;3.11;Fourrages annuels;Groupe d'indicateurs;070.02;Rendement matière sèche;;OUI
SAANR_FOURRAGE_2;2002;FR;METRO;NR44;54;Cultures développées;3.11;Fourrages annuels;Groupe d'indicateurs;070.02;Rendement matière sèche;;OUI
SAANR_FOURRAGE_2;2002;FR;METRO;NR44;55;Cultures développées;3.11;Fourrages annuels;Groupe d'indicateurs;070.02;Rendement matière sèche;;OUI
SAANR_FOURRAGE_2;2002;FR;METRO;NR44;57;Cultures développées;3.11;Fourrages annuels;Groupe d'indicateurs;070.02;Rendement matière sèche;;OUI
SAANR_FOURRAGE_2;2002;FR;METRO;NR44;67;Cultures développées;3.11;Fourrages annuels;Groupe d'indicateurs;070.02;Rendement matière sèche;;OUI
SAANR_FOURRAGE_2;2002;FR;METRO;NR44;68;Cultures développées;3.11;Fourrages annuels;Groupe d'indicateurs;070.02;Rendement matière sèche;;OUI
SAANR_FOURRAGE_2;2002;FR;METRO;NR44;88;Cultures développées;3.11;Fourrages annuels;Groupe d'indicateurs;070.02;Rendement matière sèche;;OUI
SAANR_FOURRAGE_2;2002;FR;METRO;NR44;08;Cultures développées;3.11.1;Maïs fourrage et ensilage (plante entière);Groupe d'indicateurs;020.08;Production séche (volume);1944180;OUI
SAANR_FOURRAGE_2;2002;FR;METRO;NR44;10;Cultures développées;3.11.1;Maïs fourrage et ensilage (plante entière);Groupe d'indicateurs;020.08;Production séche (volume);629720;OUI
SAANR_FOURRAGE_2;2002;FR;METRO;NR44;51;Cultures développées;3.11.1;Maïs fourrage et ensilage (plante entière);Groupe d'indicateurs;020.08;Production séche (volume);645000;OUI
SAANR_FOURRAGE_2;2002;FR;METRO;NR44;52;Cultures développées;3.11.1;Maïs fourrage et ensilage (plante entière);Groupe d'indicateurs;020.08;Production séche (volume);1846818;OUI
SAANR_FOURRAGE_2;2002;FR;METRO;NR44;54;Cultures développées;3.11.1;Maïs fourrage et ensilage (plante entière);Groupe d'indicateurs;020.08;Production séche (volume);2280000;OUI
SAANR_FOURRAGE_2;2002;FR;METRO;NR44;55;Cultures développées;3.11.1;Maïs fourrage et ensilage (plante entière);Groupe d'indicateurs;020.08;Production séche (volume);2324600;OUI
SAANR_FOURRAGE_2;2002;FR;METRO;NR44;57;Cultures développées;3.11.1;Maïs fourrage et ensilage (plante entière);Groupe d'indicateurs;020.08;Production séche (volume);2220000;OUI
SAANR_FOURRAGE_2;2002;FR;METRO;NR44;67;Cultures développées;3.11.1;Maïs fourrage et ensilage (plante entière);Groupe d'indicateurs;020.08;Production séche (volume);1067080;OUI
SAANR_FOURRAGE_2;2002;FR;METRO;NR44;68;Cultures développées;3.11.1;Maïs fourrage et ensilage (plante entière);Groupe d'indicateurs;020.08;Production séche (volume);565905;OUI
SAANR_FOURRAGE_2;2002;FR;METRO;NR44;88;Cultures développées;3.11.1;Maïs fourrage et ensilage (plante entière);Groupe d'indicateurs;020.08;Production séche (volume);1627500;OUI
SAANR_FOURRAGE_2;2002;FR;METRO;NR44;08;Cultures développées;3.11.1;Maïs fourrage et ensilage (plante entière);Groupe d'indicateurs;050.07;Superficie concernée;13887;OUI
SAANR_FOURRAGE_2;2002;FR;METRO;NR44;10;Cultures développées;3.11.1;Maïs fourrage et ensilage (plante entière);Groupe d'indicateurs;050.07;Superficie concernée;4498;OUI
SAANR_FOURRAGE_2;2002;FR;METRO;NR44;51;Cultures développées;3.11.1;Maïs fourrage et ensilage (plante entière);Groupe d'indicateurs;050.07;Superficie concernée;5375;OUI
SAANR_FOURRAGE_2;2002;FR;METRO;NR44;52;Cultures développées;3.11.1;Maïs fourrage et ensilage (plante entière);Groupe d'indicateurs;050.07;Superficie concernée;15651;OUI
SAANR_FOURRAGE_2;2002;FR;METRO;NR44;54;Cultures développées;3.11.1;Maïs fourrage et ensilage (plante entière);Groupe d'indicateurs;050.07;Superficie concernée;19000;OUI
SAANR_FOURRAGE_2;2002;FR;METRO;NR44;55;Cultures développées;3.11.1;Maïs fourrage et ensilage (plante entière);Groupe d'indicateurs;050.07;Superficie concernée;19700;OUI
SAANR_FOURRAGE_2;2002;FR;METRO;NR44;57;Cultures développées;3.11.1;Maïs fourrage et ensilage (plante entière);Groupe d'indicateurs;050.07;Superficie concernée;18500;OUI
SAANR_FOURRAGE_2;2002;FR;METRO;NR44;67;Cultures développées;3.11.1;Maïs fourrage et ensilage (plante entière);Groupe d'indicateurs;050.07;Superficie concernée;7622;OUI
SAANR_FOURRAGE_2;2002;FR;METRO;NR44;68;Cultures développées;3.11.1;Maïs fourrage et ensilage (plante entière);Groupe d'indicateurs;050.07;Superficie concernée;3651;OUI
SAANR_FOURRAGE_2;2002;FR;METRO;NR44;88;Cultures développées;3.11.1;Maïs fourrage et ensilage (plante entière);Groupe d'indicateurs;050.07;Superficie concernée;15500;OUI
SAANR_FOURRAGE_2;2002;FR;METRO;NR44;08;Cultures développées;3.11.1;Maïs fourrage et ensilage (plante entière);Groupe d'indicateurs;070.02;Rendement matière sèche;140;OUI
SAANR_FOURRAGE_2;2002;FR;METRO;NR44;10;Cultures développées;3.11.1;Maïs fourrage et ensilage (plante entière);Groupe d'indicateurs;070.02;Rendement matière sèche;140;OUI
SAANR_FOURRAGE_2;2002;FR;METRO;NR44;51;Cultures développées;3.11.1;Maïs fourrage et ensilage (plante entière);Groupe d'indicateurs;070.02;Rendement matière sèche;120;OUI
SAANR_FOURRAGE_2;2002;FR;METRO;NR44;52;Cultures développées;3.11.1;Maïs fourrage et ensilage (plante entière);Groupe d'indicateurs;070.02;Rendement matière sèche;118;OUI
SAANR_FOURRAGE_2;2002;FR;METRO;NR44;54;Cultures développées;3.11.1;Maïs fourrage et ensilage (plante entière);Groupe d'indicateurs;070.02;Rendement matière sèche;120;OUI
SAANR_FOURRAGE_2;2002;FR;METRO;NR44;55;Cultures développées;3.11.1;Maïs fourrage et ensilage (plante entière);Groupe d'indicateurs;070.02;Rendement matière sèche;118;OUI
SAANR_FOURRAGE_2;2002;FR;METRO;NR44;57;Cultures développées;3.11.1;Maïs fourrage et ensilage (plante entière);Groupe d'indicateurs;070.02;Rendement matière sèche;120;OUI
SAANR_FOURRAGE_2;2002;FR;METRO;NR44;67;Cultures développées;3.11.1;Maïs fourrage et ensilage (plante entière);Groupe d'indicateurs;070.02;Rendement matière sèche;140;OUI
SAANR_FOURRAGE_2;2002;FR;METRO;NR44;68;Cultures développées;3.11.1;Maïs fourrage et ensilage (plante entière);Groupe d'indicateurs;070.02;Rendement matière sèche;155;OUI
SAANR_FOURRAGE_2;2002;FR;METRO;NR44;88;Cultures développées;3.11.1;Maïs fourrage et ensilage (plante entière);Groupe d'indicateurs;070.02;Rendement matière sèche;105;OUI
SAANR_FOURRAGE_2;2002;FR;METRO;NR44;08;Cultures développées;3.11.1.12;Maïs fourrage et ensilage (plante entière) non irrigué;Groupe d'indicateurs;020.08;Production séche (volume);1944180;OUI
SAANR_FOURRAGE_2;2002;FR;METRO;NR44;10;Cultures développées;3.11.1.12;Maïs fourrage et ensilage (plante entière) non irrigué;Groupe d'indicateurs;020.08;Production séche (volume);629720;OUI
SAANR_FOURRAGE_2;2002;FR;METRO;NR44;51;Cultures développées;3.11.1.12;Maïs fourrage et ensilage (plante entière) non irrigué;Groupe d'indicateurs;020.08;Production séche (volume);645000;OUI
SAANR_FOURRAGE_2;2002;FR;METRO;NR44;52;Cultures développées;3.11.1.12;Maïs fourrage et ensilage (plante entière) non irrigué;Groupe d'indicateurs;020.08;Production séche (volume);1846818;OUI
SAANR_FOURRAGE_2;2002;FR;METRO;NR44;54;Cultures développées;3.11.1.12;Maïs fourrage et ensilage (plante entière) non irrigué;Groupe d'indicateurs;020.08;Production séche (volume);2280000;OUI
SAANR_FOURRAGE_2;2002;FR;METRO;NR44;55;Cultures développées;3.11.1.12;Maïs fourrage et ensilage (plante entière) non irrigué;Groupe d'indicateurs;020.08;Production séche (volume);2324600;OUI
SAANR_FOURRAGE_2;2002;FR;METRO;NR44;57;Cultures développées;3.11.1.12;Maïs fourrage et ensilage (plante entière) non irrigué;Groupe d'indicateurs;020.08;Production séche (volume);2220000;OUI
SAANR_FOURRAGE_2;2002;FR;METRO;NR44;67;Cultures développées;3.11.1.12;Maïs fourrage et ensilage (plante entière) non irrigué;Groupe d'indicateurs;020.08;Production séche (volume);1067080;OUI
SAANR_FOURRAGE_2;2002;FR;METRO;NR44;68;Cultures développées;3.11.1.12;Maïs fourrage et ensilage (plante entière) non irrigué;Groupe d'indicateurs;020.08;Production séche (volume);565905;OUI
SAANR_FOURRAGE_2;2002;FR;METRO;NR44;88;Cultures développées;3.11.1.12;Maïs fourrage et ensilage (plante entière) non irrigué;Groupe d'indicateurs;020.08;Production séche (volume);1627500;OUI
SAANR_FOURRAGE_2;2002;FR;METRO;NR44;08;Cultures développées;3.11.1.12;Maïs fourrage et ensilage (plante entière) non irrigué;Groupe d'indicateurs;050.07;Superficie concernée;13887;OUI
SAANR_FOURRAGE_2;2002;FR;METRO;NR44;10;Cultures développées;3.11.1.12;Maïs fourrage et ensilage (plante entière) non irrigué;Groupe d'indicateurs;050.07;Superficie concernée;4498;OUI
SAANR_FOURRAGE_2;2002;FR;METRO;NR44;51;Cultures développées;3.11.1.12;Maïs fourrage et ensilage (plante entière) non irrigué;Groupe d'indicateurs;050.07;Superficie concernée;5375;OUI
SAANR_FOURRAGE_2;2002;FR;METRO;NR44;52;Cultures développées;3.11.1.12;Maïs fourrage et ensilage (plante entière) non irrigué;Groupe d'indicateurs;050.07;Superficie concernée;15651;OUI
SAANR_FOURRAGE_2;2002;FR;METRO;NR44;54;Cultures développées;3.11.1.12;Maïs fourrage et ensilage (plante entière) non irrigué;Groupe d'indicateurs;050.07;Superficie concernée;19000;OUI
SAANR_FOURRAGE_2;2002;FR;METRO;NR44;55;Cultures développées;3.11.1.12;Maïs fourrage et ensilage (plante entière) non irrigué;Groupe d'indicateurs;050.07;Superficie concernée;19700;OUI
SAANR_FOURRAGE_2;2002;FR;METRO;NR44;57;Cultures développées;3.11.1.12;Maïs fourrage et ensilage (plante entière) non irrigué;Groupe d'indicateurs;050.07;Superficie concernée;18500;OUI
SAANR_FOURRAGE_2;2002;FR;METRO;NR44;67;Cultures développées;3.11.1.12;Maïs fourrage et ensilage (plante entière) non irrigué;Groupe d'indicateurs;050.07;Superficie concernée;7622;OUI
SAANR_FOURRAGE_2;2002;FR;METRO;NR44;68;Cultures développées;3.11.1.12;Maïs fourrage et ensilage (plante entière) non irrigué;Groupe d'indicateurs;050.07;Superficie concernée;3651;OUI
SAANR_FOURRAGE_2;2002;FR;METRO;NR44;88;Cultures développées;3.11.1.12;Maïs fourrage et ensilage (plante entière) non irrigué;Groupe d'indicateurs;050.07;Superficie concernée;15500;OUI
SAANR_FOURRAGE_2;2002;FR;METRO;NR44;08;Cultures développées;3.11.1.12;Maïs fourrage et ensilage (plante entière) non irrigué;Groupe d'indicateurs;070.02;Rendement matière sèche;140;OUI
SAANR_FOURRAGE_2;2002;FR;METRO;NR44;10;Cultures développées;3.11.1.12;Maïs fourrage et ensilage (plante entière) non irrigué;Groupe d'indicateurs;070.02;Rendement matière sèche;140;OUI
SAANR_FOURRAGE_2;2002;FR;METRO;NR44;51;Cultures développées;3.11.1.12;Maïs fourrage et ensilage (plante entière) non irrigué;Groupe d'indicateurs;070.02;Rendement matière sèche;120;OUI
SAANR_FOURRAGE_2;2002;FR;METRO;NR44;52;Cultures développées;3.11.1.12;Maïs fourrage et ensilage (plante entière) non irrigué;Groupe d'indicateurs;070.02;Rendement matière sèche;118;OUI
SAANR_FOURRAGE_2;2002;FR;METRO;NR44;54;Cultures développées;3.11.1.12;Maïs fourrage et ensilage (plante entière) non irrigué;Groupe d'indicateurs;070.02;Rendement matière sèche;120;OUI
SAANR_FOURRAGE_2;2002;FR;METRO;NR44;55;Cultures développées;3.11.1.12;Maïs fourrage et ensilage (plante entière) non irrigué;Groupe d'indicateurs;070.02;Rendement matière sèche;118;OUI
SAANR_FOURRAGE_2;2002;FR;METRO;NR44;57;Cultures développées;3.11.1.12;Maïs fourrage et ensilage (plante entière) non irrigué;Groupe d'indicateurs;070.02;Rendement matière sèche;120;OUI
SAANR_FOURRAGE_2;2002;FR;METRO;NR44;67;Cultures développées;3.11.1.12;Maïs fourrage et ensilage (plante entière) non irrigué;Groupe d'indicateurs;070.02;Rendement matière sèche;140;OUI
SAANR_FOURRAGE_2;2002;FR;METRO;NR44;68;Cultures développées;3.11.1.12;Maïs fourrage et ensilage (plante entière) non irrigué;Groupe d'indicateurs;070.02;Rendement matière sèche;155;OUI
SAANR_FOURRAGE_2;2002;FR;METRO;NR44;88;Cultures développées;3.11.1.12;Maïs fourrage et ensilage (plante entière) non irrigué;Groupe d'indicateurs;070.02;Rendement matière sèche;105;OUI
SAANR_FOURRAGE_2;2002;FR;METRO;NR44;08;Cultures développées;3.11.9;Autres fourrages annuels, n.c.a.;Groupe d'indicateurs;020.08;Production séche (volume);1000;OUI
SAANR_FOURRAGE_2;2002;FR;METRO;NR44;10;Cultures développées;3.11.9;Autres fourrages annuels, n.c.a.;Groupe d'indicateurs;020.08;Production séche (volume);2670;OUI
SAANR_FOURRAGE_2;2002;FR;METRO;NR44;51;Cultures développées;3.11.9;Autres fourrages annuels, n.c.a.;Groupe d'indicateurs;020.08;Production séche (volume);77231;OUI
SAANR_FOURRAGE_2;2002;FR;METRO;NR44;52;Cultures développées;3.11.9;Autres fourrages annuels, n.c.a.;Groupe d'indicateurs;020.08;Production séche (volume);8500;OUI
SAANR_FOURRAGE_2;2002;FR;METRO;NR44;54;Cultures développées;3.11.9;Autres fourrages annuels, n.c.a.;Groupe d'indicateurs;020.08;Production séche (volume);4370;OUI
SAANR_FOURRAGE_2;2002;FR;METRO;NR44;55;Cultures développées;3.11.9;Autres fourrages annuels, n.c.a.;Groupe d'indicateurs;020.08;Production séche (volume);63120;OUI
SAANR_FOURRAGE_2;2002;FR;METRO;NR44;57;Cultures développées;3.11.9;Autres fourrages annuels, n.c.a.;Groupe d'indicateurs;020.08;Production séche (volume);43540;OUI
SAANR_FOURRAGE_2;2002;FR;METRO;NR44;67;Cultures développées;3.11.9;Autres fourrages annuels, n.c.a.;Groupe d'indicateurs;020.08;Production séche (volume);21183;OUI
SAANR_FOURRAGE_2;2002;FR;METRO;NR44;68;Cultures développées;3.11.9;Autres fourrages annuels, n.c.a.;Groupe d'indicateurs;020.08;Production séche (volume);57200;OUI
SAANR_FOURRAGE_2;2002;FR;METRO;NR44;88;Cultures développées;3.11.9;Autres fourrages annuels, n.c.a.;Groupe d'indicateurs;020.08;Production séche (volume);9159;OUI
SAANR_FOURRAGE_2;2002;FR;METRO;NR44;08;Cultures développées;3.11.9;Autres fourrages annuels, n.c.a.;Groupe d'indicateurs;050.07;Superficie concernée;20;OUI
SAANR_FOURRAGE_2;2002;FR;METRO;NR44;10;Cultures développées;3.11.9;Autres fourrages annuels, n.c.a.;Groupe d'indicateurs;050.07;Superficie concernée;89;OUI
SAANR_FOURRAGE_2;2002;FR;METRO;NR44;51;Cultures développées;3.11.9;Autres fourrages annuels, n.c.a.;Groupe d'indicateurs;050.07;Superficie concernée;649;OUI
SAANR_FOURRAGE_2;2002;FR;METRO;NR44;52;Cultures développées;3.11.9;Autres fourrages annuels, n.c.a.;Groupe d'indicateurs;050.07;Superficie concernée;100;OUI
SAANR_FOURRAGE_2;2002;FR;METRO;NR44;54;Cultures développées;3.11.9;Autres fourrages annuels, n.c.a.;Groupe d'indicateurs;050.07;Superficie concernée;115;OUI
SAANR_FOURRAGE_2;2002;FR;METRO;NR44;55;Cultures développées;3.11.9;Autres fourrages annuels, n.c.a.;Groupe d'indicateurs;050.07;Superficie concernée;1052;OUI
SAANR_FOURRAGE_2;2002;FR;METRO;NR44;57;Cultures développées;3.11.9;Autres fourrages annuels, n.c.a.;Groupe d'indicateurs;050.07;Superficie concernée;622;OUI
SAANR_FOURRAGE_2;2002;FR;METRO;NR44;67;Cultures développées;3.11.9;Autres fourrages annuels, n.c.a.;Groupe d'indicateurs;050.07;Superficie concernée;307;OUI
SAANR_FOURRAGE_2;2002;FR;METRO;NR44;68;Cultures développées;3.11.9;Autres fourrages annuels, n.c.a.;Groupe d'indicateurs;050.07;Superficie concernée;880;OUI
SAANR_FOURRAGE_2;2002;FR;METRO;NR44;88;Cultures développées;3.11.9;Autres fourrages annuels, n.c.a.;Groupe d'indicateurs;050.07;Superficie concernée;129;OUI
SAANR_FOURRAGE_2;2002;FR;METRO;NR44;08;Cultures développées;3.12;Prairies non permanentes et STH;Groupe d'indicateurs;020.08;Production séche (volume);11596890;OUI
SAANR_FOURRAGE_2;2002;FR;METRO;NR44;10;Cultures développées;3.12;Prairies non permanentes et STH;Groupe d'indicateurs;020.08;Production séche (volume);3282477;OUI
SAANR_FOURRAGE_2;2002;FR;METRO;NR44;51;Cultures développées;3.12;Prairies non permanentes et STH;Groupe d'indicateurs;020.08;Production séche (volume);7203629;OUI
SAANR_FOURRAGE_2;2002;FR;METRO;NR44;52;Cultures développées;3.12;Prairies non permanentes et STH;Groupe d'indicateurs;020.08;Production séche (volume);6270681;OUI
SAANR_FOURRAGE_2;2002;FR;METRO;NR44;54;Cultures développées;3.12;Prairies non permanentes et STH;Groupe d'indicateurs;020.08;Production séche (volume);6586118;OUI
SAANR_FOURRAGE_2;2002;FR;METRO;NR44;55;Cultures développées;3.12;Prairies non permanentes et STH;Groupe d'indicateurs;020.08;Production séche (volume);7744955;OUI
SAANR_FOURRAGE_2;2002;FR;METRO;NR44;57;Cultures développées;3.12;Prairies non permanentes et STH;Groupe d'indicateurs;020.08;Production séche (volume);8674984;OUI
SAANR_FOURRAGE_2;2002;FR;METRO;NR44;67;Cultures développées;3.12;Prairies non permanentes et STH;Groupe d'indicateurs;020.08;Production séche (volume);3436169;OUI
SAANR_FOURRAGE_2;2002;FR;METRO;NR44;68;Cultures développées;3.12;Prairies non permanentes et STH;Groupe d'indicateurs;020.08;Production séche (volume);2014109;OUI
SAANR_FOURRAGE_2;2002;FR;METRO;NR44;88;Cultures développées;3.12;Prairies non permanentes et STH;Groupe d'indicateurs;020.08;Production séche (volume);9725908;OUI
SAANR_FOURRAGE_2;2002;FR;METRO;NR44;08;Cultures développées;3.12;Prairies non permanentes et STH;Groupe d'indicateurs;050.07;Superficie concernée;158898;OUI
SAANR_FOURRAGE_2;2002;FR;METRO;NR44;10;Cultures développées;3.12;Prairies non permanentes et STH;Groupe d'indicateurs;050.07;Superficie concernée;43335;OUI
SAANR_FOURRAGE_2;2002;FR;METRO;NR44;51;Cultures développées;3.12;Prairies non permanentes et STH;Groupe d'indicateurs;050.07;Superficie concernée;74592;OUI
SAANR_FOURRAGE_2;2002;FR;METRO;NR44;52;Cultures développées;3.12;Prairies non permanentes et STH;Groupe d'indicateurs;050.07;Superficie concernée;119955;OUI
SAANR_FOURRAGE_2;2002;FR;METRO;NR44;54;Cultures développées;3.12;Prairies non permanentes et STH;Groupe d'indicateurs;050.07;Superficie concernée;112773;OUI
SAANR_FOURRAGE_2;2002;FR;METRO;NR44;55;Cultures développées;3.12;Prairies non permanentes et STH;Groupe d'indicateurs;050.07;Superficie concernée;123457;OUI
SAANR_FOURRAGE_2;2002;FR;METRO;NR44;57;Cultures développées;3.12;Prairies non permanentes et STH;Groupe d'indicateurs;050.07;Superficie concernée;150600;OUI
SAANR_FOURRAGE_2;2002;FR;METRO;NR44;67;Cultures développées;3.12;Prairies non permanentes et STH;Groupe d'indicateurs;050.07;Superficie concernée;54739;OUI
SAANR_FOURRAGE_2;2002;FR;METRO;NR44;68;Cultures développées;3.12;Prairies non permanentes et STH;Groupe d'indicateurs;050.07;Superficie concernée;33336;OUI
SAANR_FOURRAGE_2;2002;FR;METRO;NR44;88;Cultures développées;3.12;Prairies non permanentes et STH;Groupe d'indicateurs;050.07;Superficie concernée;158672;OUI
SAANR_FOURRAGE_2;2002;FR;METRO;NR44;08;Cultures développées;3.12;Prairies non permanentes et STH;Groupe d'indicateurs;070.02;Rendement matière sèche;73;OUI
SAANR_FOURRAGE_2;2002;FR;METRO;NR44;10;Cultures développées;3.12;Prairies non permanentes et STH;Groupe d'indicateurs;070.02;Rendement matière sèche;75.7;OUI
SAANR_FOURRAGE_2;2002;FR;METRO;NR44;51;Cultures développées;3.12;Prairies non permanentes et STH;Groupe d'indicateurs;070.02;Rendement matière sèche;96.6;OUI
SAANR_FOURRAGE_2;2002;FR;METRO;NR44;52;Cultures développées;3.12;Prairies non permanentes et STH;Groupe d'indicateurs;070.02;Rendement matière sèche;52.3;OUI
SAANR_FOURRAGE_2;2002;FR;METRO;NR44;54;Cultures développées;3.12;Prairies non permanentes et STH;Groupe d'indicateurs;070.02;Rendement matière sèche;58.4;OUI
SAANR_FOURRAGE_2;2002;FR;METRO;NR44;55;Cultures développées;3.12;Prairies non permanentes et STH;Groupe d'indicateurs;070.02;Rendement matière sèche;62.7;OUI
SAANR_FOURRAGE_2;2002;FR;METRO;NR44;57;Cultures développées;3.12;Prairies non permanentes et STH;Groupe d'indicateurs;070.02;Rendement matière sèche;57.6;OUI
SAANR_FOURRAGE_2;2002;FR;METRO;NR44;67;Cultures développées;3.12;Prairies non permanentes et STH;Groupe d'indicateurs;070.02;Rendement matière sèche;62.8;OUI
SAANR_FOURRAGE_2;2002;FR;METRO;NR44;68;Cultures développées;3.12;Prairies non permanentes et STH;Groupe d'indicateurs;070.02;Rendement matière sèche;60.4;OUI
SAANR_FOURRAGE_2;2002;FR;METRO;NR44;88;Cultures développées;3.12;Prairies non permanentes et STH;Groupe d'indicateurs;070.02;Rendement matière sèche;61.3;OUI
SAANR_FOURRAGE_2;2002;FR;METRO;NR44;08;Cultures développées;3.12.1;Prairies non permanentes;Groupe d'indicateurs;020.08;Production séche (volume);1530110;OUI
SAANR_FOURRAGE_2;2002;FR;METRO;NR44;10;Cultures développées;3.12.1;Prairies non permanentes;Groupe d'indicateurs;020.08;Production séche (volume);1749147;OUI
SAANR_FOURRAGE_2;2002;FR;METRO;NR44;51;Cultures développées;3.12.1;Prairies non permanentes;Groupe d'indicateurs;020.08;Production séche (volume);5819575;OUI
SAANR_FOURRAGE_2;2002;FR;METRO;NR44;52;Cultures développées;3.12.1;Prairies non permanentes;Groupe d'indicateurs;020.08;Production séche (volume);873131;OUI
SAANR_FOURRAGE_2;2002;FR;METRO;NR44;54;Cultures développées;3.12.1;Prairies non permanentes;Groupe d'indicateurs;020.08;Production séche (volume);378460;OUI
SAANR_FOURRAGE_2;2002;FR;METRO;NR44;55;Cultures développées;3.12.1;Prairies non permanentes;Groupe d'indicateurs;020.08;Production séche (volume);421600;OUI
SAANR_FOURRAGE_2;2002;FR;METRO;NR44;57;Cultures développées;3.12.1;Prairies non permanentes;Groupe d'indicateurs;020.08;Production séche (volume);798500;OUI
SAANR_FOURRAGE_2;2002;FR;METRO;NR44;67;Cultures développées;3.12.1;Prairies non permanentes;Groupe d'indicateurs;020.08;Production séche (volume);267829;OUI
SAANR_FOURRAGE_2;2002;FR;METRO;NR44;68;Cultures développées;3.12.1;Prairies non permanentes;Groupe d'indicateurs;020.08;Production séche (volume);269439;OUI
SAANR_FOURRAGE_2;2002;FR;METRO;NR44;88;Cultures développées;3.12.1;Prairies non permanentes;Groupe d'indicateurs;020.08;Production séche (volume);1047200;OUI
SAANR_FOURRAGE_2;2002;FR;METRO;NR44;08;Cultures développées;3.12.1;Prairies non permanentes;Groupe d'indicateurs;050.07;Superficie concernée;14435;OUI
SAANR_FOURRAGE_2;2002;FR;METRO;NR44;10;Cultures développées;3.12.1;Prairies non permanentes;Groupe d'indicateurs;050.07;Superficie concernée;15129;OUI
SAANR_FOURRAGE_2;2002;FR;METRO;NR44;51;Cultures développées;3.12.1;Prairies non permanentes;Groupe d'indicateurs;050.07;Superficie concernée;46781;OUI
SAANR_FOURRAGE_2;2002;FR;METRO;NR44;52;Cultures développées;3.12.1;Prairies non permanentes;Groupe d'indicateurs;050.07;Superficie concernée;11666;OUI
SAANR_FOURRAGE_2;2002;FR;METRO;NR44;54;Cultures développées;3.12.1;Prairies non permanentes;Groupe d'indicateurs;050.07;Superficie concernée;5140;OUI
SAANR_FOURRAGE_2;2002;FR;METRO;NR44;55;Cultures développées;3.12.1;Prairies non permanentes;Groupe d'indicateurs;050.07;Superficie concernée;5500;OUI
SAANR_FOURRAGE_2;2002;FR;METRO;NR44;57;Cultures développées;3.12.1;Prairies non permanentes;Groupe d'indicateurs;050.07;Superficie concernée;11000;OUI
SAANR_FOURRAGE_2;2002;FR;METRO;NR44;67;Cultures développées;3.12.1;Prairies non permanentes;Groupe d'indicateurs;050.07;Superficie concernée;2987;OUI
SAANR_FOURRAGE_2;2002;FR;METRO;NR44;68;Cultures développées;3.12.1;Prairies non permanentes;Groupe d'indicateurs;050.07;Superficie concernée;2994;OUI
SAANR_FOURRAGE_2;2002;FR;METRO;NR44;88;Cultures développées;3.12.1;Prairies non permanentes;Groupe d'indicateurs;050.07;Superficie concernée;13500;OUI
SAANR_FOURRAGE_2;2002;FR;METRO;NR44;08;Cultures développées;3.12.1;Prairies non permanentes;Groupe d'indicateurs;070.02;Rendement matière sèche;106;OUI
SAANR_FOURRAGE_2;2002;FR;METRO;NR44;10;Cultures développées;3.12.1;Prairies non permanentes;Groupe d'indicateurs;070.02;Rendement matière sèche;115.6;OUI
SAANR_FOURRAGE_2;2002;FR;METRO;NR44;51;Cultures développées;3.12.1;Prairies non permanentes;Groupe d'indicateurs;070.02;Rendement matière sèche;124.4;OUI
SAANR_FOURRAGE_2;2002;FR;METRO;NR44;52;Cultures développées;3.12.1;Prairies non permanentes;Groupe d'indicateurs;070.02;Rendement matière sèche;74.8;OUI
SAANR_FOURRAGE_2;2002;FR;METRO;NR44;54;Cultures développées;3.12.1;Prairies non permanentes;Groupe d'indicateurs;070.02;Rendement matière sèche;73.6;OUI
SAANR_FOURRAGE_2;2002;FR;METRO;NR44;55;Cultures développées;3.12.1;Prairies non permanentes;Groupe d'indicateurs;070.02;Rendement matière sèche;76.7;OUI
SAANR_FOURRAGE_2;2002;FR;METRO;NR44;57;Cultures développées;3.12.1;Prairies non permanentes;Groupe d'indicateurs;070.02;Rendement matière sèche;72.6;OUI
SAANR_FOURRAGE_2;2002;FR;METRO;NR44;67;Cultures développées;3.12.1;Prairies non permanentes;Groupe d'indicateurs;070.02;Rendement matière sèche;89.7;OUI
SAANR_FOURRAGE_2;2002;FR;METRO;NR44;68;Cultures développées;3.12.1;Prairies non permanentes;Groupe d'indicateurs;070.02;Rendement matière sèche;90;OUI
SAANR_FOURRAGE_2;2002;FR;METRO;NR44;88;Cultures développées;3.12.1;Prairies non permanentes;Groupe d'indicateurs;070.02;Rendement matière sèche;77.6;OUI
SAANR_FOURRAGE_2;2002;FR;METRO;NR44;08;Cultures développées;3.12.1.11;Prairie artificielle (luzerne, trèfle violet, ...);Groupe d'indicateurs;020.08;Production séche (volume);1270280;OUI
SAANR_FOURRAGE_2;2002;FR;METRO;NR44;10;Cultures développées;3.12.1.11;Prairie artificielle (luzerne, trèfle violet, ...);Groupe d'indicateurs;020.08;Production séche (volume);1533687;OUI
SAANR_FOURRAGE_2;2002;FR;METRO;NR44;51;Cultures développées;3.12.1.11;Prairie artificielle (luzerne, trèfle violet, ...);Groupe d'indicateurs;020.08;Production séche (volume);5783875;OUI
SAANR_FOURRAGE_2;2002;FR;METRO;NR44;52;Cultures développées;3.12.1.11;Prairie artificielle (luzerne, trèfle violet, ...);Groupe d'indicateurs;020.08;Production séche (volume);427770;OUI
SAANR_FOURRAGE_2;2002;FR;METRO;NR44;54;Cultures développées;3.12.1.11;Prairie artificielle (luzerne, trèfle violet, ...);Groupe d'indicateurs;020.08;Production séche (volume);42660;OUI
SAANR_FOURRAGE_2;2002;FR;METRO;NR44;55;Cultures développées;3.12.1.11;Prairie artificielle (luzerne, trèfle violet, ...);Groupe d'indicateurs;020.08;Production séche (volume);106600;OUI
SAANR_FOURRAGE_2;2002;FR;METRO;NR44;57;Cultures développées;3.12.1.11;Prairie artificielle (luzerne, trèfle violet, ...);Groupe d'indicateurs;020.08;Production séche (volume);100100;OUI
SAANR_FOURRAGE_2;2002;FR;METRO;NR44;67;Cultures développées;3.12.1.11;Prairie artificielle (luzerne, trèfle violet, ...);Groupe d'indicateurs;020.08;Production séche (volume);77212;OUI
SAANR_FOURRAGE_2;2002;FR;METRO;NR44;68;Cultures développées;3.12.1.11;Prairie artificielle (luzerne, trèfle violet, ...);Groupe d'indicateurs;020.08;Production séche (volume);35844;OUI
SAANR_FOURRAGE_2;2002;FR;METRO;NR44;88;Cultures développées;3.12.1.11;Prairie artificielle (luzerne, trèfle violet, ...);Groupe d'indicateurs;020.08;Production séche (volume);92400;OUI
SAANR_FOURRAGE_2;2002;FR;METRO;NR44;08;Cultures développées;3.12.1.11;Prairie artificielle (luzerne, trèfle violet, ...);Groupe d'indicateurs;050.07;Superficie concernée;11548;OUI
SAANR_FOURRAGE_2;2002;FR;METRO;NR44;10;Cultures développées;3.12.1.11;Prairie artificielle (luzerne, trèfle violet, ...);Groupe d'indicateurs;050.07;Superficie concernée;12469;OUI
SAANR_FOURRAGE_2;2002;FR;METRO;NR44;51;Cultures développées;3.12.1.11;Prairie artificielle (luzerne, trèfle violet, ...);Groupe d'indicateurs;050.07;Superficie concernée;46271;OUI
SAANR_FOURRAGE_2;2002;FR;METRO;NR44;52;Cultures développées;3.12.1.11;Prairie artificielle (luzerne, trèfle violet, ...);Groupe d'indicateurs;050.07;Superficie concernée;4365;OUI
SAANR_FOURRAGE_2;2002;FR;METRO;NR44;54;Cultures développées;3.12.1.11;Prairie artificielle (luzerne, trèfle violet, ...);Groupe d'indicateurs;050.07;Superficie concernée;540;OUI
SAANR_FOURRAGE_2;2002;FR;METRO;NR44;55;Cultures développées;3.12.1.11;Prairie artificielle (luzerne, trèfle violet, ...);Groupe d'indicateurs;050.07;Superficie concernée;1300;OUI
SAANR_FOURRAGE_2;2002;FR;METRO;NR44;57;Cultures développées;3.12.1.11;Prairie artificielle (luzerne, trèfle violet, ...);Groupe d'indicateurs;050.07;Superficie concernée;1300;OUI
SAANR_FOURRAGE_2;2002;FR;METRO;NR44;67;Cultures développées;3.12.1.11;Prairie artificielle (luzerne, trèfle violet, ...);Groupe d'indicateurs;050.07;Superficie concernée;796;OUI
SAANR_FOURRAGE_2;2002;FR;METRO;NR44;68;Cultures développées;3.12.1.11;Prairie artificielle (luzerne, trèfle violet, ...);Groupe d'indicateurs;050.07;Superficie concernée;309;OUI
SAANR_FOURRAGE_2;2002;FR;METRO;NR44;88;Cultures développées;3.12.1.11;Prairie artificielle (luzerne, trèfle violet, ...);Groupe d'indicateurs;050.07;Superficie concernée;1100;OUI
SAANR_FOURRAGE_2;2002;FR;METRO;NR44;08;Cultures développées;3.12.1.11;Prairie artificielle (luzerne, trèfle violet, ...);Groupe d'indicateurs;070.02;Rendement matière sèche;110;OUI
SAANR_FOURRAGE_2;2002;FR;METRO;NR44;10;Cultures développées;3.12.1.11;Prairie artificielle (luzerne, trèfle violet, ...);Groupe d'indicateurs;070.02;Rendement matière sèche;123;OUI
SAANR_FOURRAGE_2;2002;FR;METRO;NR44;51;Cultures développées;3.12.1.11;Prairie artificielle (luzerne, trèfle violet, ...);Groupe d'indicateurs;070.02;Rendement matière sèche;125;OUI
SAANR_FOURRAGE_2;2002;FR;METRO;NR44;52;Cultures développées;3.12.1.11;Prairie artificielle (luzerne, trèfle violet, ...);Groupe d'indicateurs;070.02;Rendement matière sèche;98;OUI
SAANR_FOURRAGE_2;2002;FR;METRO;NR44;54;Cultures développées;3.12.1.11;Prairie artificielle (luzerne, trèfle violet, ...);Groupe d'indicateurs;070.02;Rendement matière sèche;79;OUI
SAANR_FOURRAGE_2;2002;FR;METRO;NR44;55;Cultures développées;3.12.1.11;Prairie artificielle (luzerne, trèfle violet, ...);Groupe d'indicateurs;070.02;Rendement matière sèche;82;OUI
SAANR_FOURRAGE_2;2002;FR;METRO;NR44;57;Cultures développées;3.12.1.11;Prairie artificielle (luzerne, trèfle violet, ...);Groupe d'indicateurs;070.02;Rendement matière sèche;77;OUI
SAANR_FOURRAGE_2;2002;FR;METRO;NR44;67;Cultures développées;3.12.1.11;Prairie artificielle (luzerne, trèfle violet, ...);Groupe d'indicateurs;070.02;Rendement matière sèche;97;OUI
SAANR_FOURRAGE_2;2002;FR;METRO;NR44;68;Cultures développées;3.12.1.11;Prairie artificielle (luzerne, trèfle violet, ...);Groupe d'indicateurs;070.02;Rendement matière sèche;116;OUI
SAANR_FOURRAGE_2;2002;FR;METRO;NR44;88;Cultures développées;3.12.1.11;Prairie artificielle (luzerne, trèfle violet, ...);Groupe d'indicateurs;070.02;Rendement matière sèche;84;OUI
SAANR_FOURRAGE_2;2002;FR;METRO;NR44;08;Cultures développées;3.12.1.11.2;Autres prairies artificielles;Groupe d'indicateurs;020.08;Production séche (volume);1270280;OUI
SAANR_FOURRAGE_2;2002;FR;METRO;NR44;10;Cultures développées;3.12.1.11.2;Autres prairies artificielles;Groupe d'indicateurs;020.08;Production séche (volume);1533687;OUI
SAANR_FOURRAGE_2;2002;FR;METRO;NR44;51;Cultures développées;3.12.1.11.2;Autres prairies artificielles;Groupe d'indicateurs;020.08;Production séche (volume);5783875;OUI
SAANR_FOURRAGE_2;2002;FR;METRO;NR44;52;Cultures développées;3.12.1.11.2;Autres prairies artificielles;Groupe d'indicateurs;020.08;Production séche (volume);427770;OUI
SAANR_FOURRAGE_2;2002;FR;METRO;NR44;54;Cultures développées;3.12.1.11.2;Autres prairies artificielles;Groupe d'indicateurs;020.08;Production séche (volume);42660;OUI
SAANR_FOURRAGE_2;2002;FR;METRO;NR44;55;Cultures développées;3.12.1.11.2;Autres prairies artificielles;Groupe d'indicateurs;020.08;Production séche (volume);106600;OUI
SAANR_FOURRAGE_2;2002;FR;METRO;NR44;57;Cultures développées;3.12.1.11.2;Autres prairies artificielles;Groupe d'indicateurs;020.08;Production séche (volume);100100;OUI
SAANR_FOURRAGE_2;2002;FR;METRO;NR44;67;Cultures développées;3.12.1.11.2;Autres prairies artificielles;Groupe d'indicateurs;020.08;Production séche (volume);77212;OUI
SAANR_FOURRAGE_2;2002;FR;METRO;NR44;68;Cultures développées;3.12.1.11.2;Autres prairies artificielles;Groupe d'indicateurs;020.08;Production séche (volume);35844;OUI
SAANR_FOURRAGE_2;2002;FR;METRO;NR44;88;Cultures développées;3.12.1.11.2;Autres prairies artificielles;Groupe d'indicateurs;020.08;Production séche (volume);92400;OUI
SAANR_FOURRAGE_2;2002;FR;METRO;NR44;08;Cultures développées;3.12.1.11.2;Autres prairies artificielles;Groupe d'indicateurs;050.07;Superficie concernée;11548;OUI
SAANR_FOURRAGE_2;2002;FR;METRO;NR44;10;Cultures développées;3.12.1.11.2;Autres prairies artificielles;Groupe d'indicateurs;050.07;Superficie concernée;12469;OUI
SAANR_FOURRAGE_2;2002;FR;METRO;NR44;51;Cultures développées;3.12.1.11.2;Autres prairies artificielles;Groupe d'indicateurs;050.07;Superficie concernée;46271;OUI
SAANR_FOURRAGE_2;2002;FR;METRO;NR44;52;Cultures développées;3.12.1.11.2;Autres prairies artificielles;Groupe d'indicateurs;050.07;Superficie concernée;4365;OUI
SAANR_FOURRAGE_2;2002;FR;METRO;NR44;54;Cultures développées;3.12.1.11.2;Autres prairies artificielles;Groupe d'indicateurs;050.07;Superficie concernée;540;OUI
SAANR_FOURRAGE_2;2002;FR;METRO;NR44;55;Cultures développées;3.12.1.11.2;Autres prairies artificielles;Groupe d'indicateurs;050.07;Superficie concernée;1300;OUI
SAANR_FOURRAGE_2;2002;FR;METRO;NR44;57;Cultures développées;3.12.1.11.2;Autres prairies artificielles;Groupe d'indicateurs;050.07;Superficie concernée;1300;OUI
SAANR_FOURRAGE_2;2002;FR;METRO;NR44;67;Cultures développées;3.12.1.11.2;Autres prairies artificielles;Groupe d'indicateurs;050.07;Superficie concernée;796;OUI
SAANR_FOURRAGE_2;2002;FR;METRO;NR44;68;Cultures développées;3.12.1.11.2;Autres prairies artificielles;Groupe d'indicateurs;050.07;Superficie concernée;309;OUI
SAANR_FOURRAGE_2;2002;FR;METRO;NR44;88;Cultures développées;3.12.1.11.2;Autres prairies artificielles;Groupe d'indicateurs;050.07;Superficie concernée;1100;OUI
SAANR_FOURRAGE_2;2002;FR;METRO;NR44;08;Cultures développées;3.12.1.11.2;Autres prairies artificielles;Groupe d'indicateurs;070.02;Rendement matière sèche;110;OUI
SAANR_FOURRAGE_2;2002;FR;METRO;NR44;10;Cultures développées;3.12.1.11.2;Autres prairies artificielles;Groupe d'indicateurs;070.02;Rendement matière sèche;123;OUI
SAANR_FOURRAGE_2;2002;FR;METRO;NR44;51;Cultures développées;3.12.1.11.2;Autres prairies artificielles;Groupe d'indicateurs;070.02;Rendement matière sèche;125;OUI
SAANR_FOURRAGE_2;2002;FR;METRO;NR44;52;Cultures développées;3.12.1.11.2;Autres prairies artificielles;Groupe d'indicateurs;070.02;Rendement matière sèche;98;OUI
SAANR_FOURRAGE_2;2002;FR;METRO;NR44;54;Cultures développées;3.12.1.11.2;Autres prairies artificielles;Groupe d'indicateurs;070.02;Rendement matière sèche;79;OUI
SAANR_FOURRAGE_2;2002;FR;METRO;NR44;55;Cultures développées;3.12.1.11.2;Autres prairies artificielles;Groupe d'indicateurs;070.02;Rendement matière sèche;82;OUI
SAANR_FOURRAGE_2;2002;FR;METRO;NR44;57;Cultures développées;3.12.1.11.2;Autres prairies artificielles;Groupe d'indicateurs;070.02;Rendement matière sèche;77;OUI
SAANR_FOURRAGE_2;2002;FR;METRO;NR44;67;Cultures développées;3.12.1.11.2;Autres prairies artificielles;Groupe d'indicateurs;070.02;Rendement matière sèche;97;OUI
SAANR_FOURRAGE_2;2002;FR;METRO;NR44;68;Cultures développées;3.12.1.11.2;Autres prairies artificielles;Groupe d'indicateurs;070.02;Rendement matière sèche;116;OUI
SAANR_FOURRAGE_2;2002;FR;METRO;NR44;88;Cultures développées;3.12.1.11.2;Autres prairies artificielles;Groupe d'indicateurs;070.02;Rendement matière sèche;84;OUI
SAANR_FOURRAGE_2;2002;FR;METRO;NR44;08;Cultures développées;3.12.1.12;Prairies temporaires;Groupe d'indicateurs;020.08;Production séche (volume);259830;OUI
SAANR_FOURRAGE_2;2002;FR;METRO;NR44;10;Cultures développées;3.12.1.12;Prairies temporaires;Groupe d'indicateurs;020.08;Production séche (volume);215460;OUI
SAANR_FOURRAGE_2;2002;FR;METRO;NR44;51;Cultures développées;3.12.1.12;Prairies temporaires;Groupe d'indicateurs;020.08;Production séche (volume);35700;OUI
SAANR_FOURRAGE_2;2002;FR;METRO;NR44;52;Cultures développées;3.12.1.12;Prairies temporaires;Groupe d'indicateurs;020.08;Production séche (volume);445361;OUI
SAANR_FOURRAGE_2;2002;FR;METRO;NR44;54;Cultures développées;3.12.1.12;Prairies temporaires;Groupe d'indicateurs;020.08;Production séche (volume);335800;OUI
SAANR_FOURRAGE_2;2002;FR;METRO;NR44;55;Cultures développées;3.12.1.12;Prairies temporaires;Groupe d'indicateurs;020.08;Production séche (volume);315000;OUI
SAANR_FOURRAGE_2;2002;FR;METRO;NR44;57;Cultures développées;3.12.1.12;Prairies temporaires;Groupe d'indicateurs;020.08;Production séche (volume);698400;OUI
SAANR_FOURRAGE_2;2002;FR;METRO;NR44;67;Cultures développées;3.12.1.12;Prairies temporaires;Groupe d'indicateurs;020.08;Production séche (volume);190617;OUI
SAANR_FOURRAGE_2;2002;FR;METRO;NR44;68;Cultures développées;3.12.1.12;Prairies temporaires;Groupe d'indicateurs;020.08;Production séche (volume);233595;OUI
SAANR_FOURRAGE_2;2002;FR;METRO;NR44;88;Cultures développées;3.12.1.12;Prairies temporaires;Groupe d'indicateurs;020.08;Production séche (volume);954800;OUI
SAANR_FOURRAGE_2;2002;FR;METRO;NR44;08;Cultures développées;3.12.1.12;Prairies temporaires;Groupe d'indicateurs;050.07;Superficie concernée;2887;OUI
SAANR_FOURRAGE_2;2002;FR;METRO;NR44;10;Cultures développées;3.12.1.12;Prairies temporaires;Groupe d'indicateurs;050.07;Superficie concernée;2660;OUI
SAANR_FOURRAGE_2;2002;FR;METRO;NR44;51;Cultures développées;3.12.1.12;Prairies temporaires;Groupe d'indicateurs;050.07;Superficie concernée;510;OUI
SAANR_FOURRAGE_2;2002;FR;METRO;NR44;52;Cultures développées;3.12.1.12;Prairies temporaires;Groupe d'indicateurs;050.07;Superficie concernée;7301;OUI
SAANR_FOURRAGE_2;2002;FR;METRO;NR44;54;Cultures développées;3.12.1.12;Prairies temporaires;Groupe d'indicateurs;050.07;Superficie concernée;4600;OUI
SAANR_FOURRAGE_2;2002;FR;METRO;NR44;55;Cultures développées;3.12.1.12;Prairies temporaires;Groupe d'indicateurs;050.07;Superficie concernée;4200;OUI
SAANR_FOURRAGE_2;2002;FR;METRO;NR44;57;Cultures développées;3.12.1.12;Prairies temporaires;Groupe d'indicateurs;050.07;Superficie concernée;9700;OUI
SAANR_FOURRAGE_2;2002;FR;METRO;NR44;67;Cultures développées;3.12.1.12;Prairies temporaires;Groupe d'indicateurs;050.07;Superficie concernée;2191;OUI
SAANR_FOURRAGE_2;2002;FR;METRO;NR44;68;Cultures développées;3.12.1.12;Prairies temporaires;Groupe d'indicateurs;050.07;Superficie concernée;2685;OUI
SAANR_FOURRAGE_2;2002;FR;METRO;NR44;88;Cultures développées;3.12.1.12;Prairies temporaires;Groupe d'indicateurs;050.07;Superficie concernée;12400;OUI
SAANR_FOURRAGE_2;2002;FR;METRO;NR44;08;Cultures développées;3.12.1.12;Prairies temporaires;Groupe d'indicateurs;070.02;Rendement matière sèche;90;OUI
SAANR_FOURRAGE_2;2002;FR;METRO;NR44;10;Cultures développées;3.12.1.12;Prairies temporaires;Groupe d'indicateurs;070.02;Rendement matière sèche;81;OUI
SAANR_FOURRAGE_2;2002;FR;METRO;NR44;51;Cultures développées;3.12.1.12;Prairies temporaires;Groupe d'indicateurs;070.02;Rendement matière sèche;70;OUI
SAANR_FOURRAGE_2;2002;FR;METRO;NR44;52;Cultures développées;3.12.1.12;Prairies temporaires;Groupe d'indicateurs;070.02;Rendement matière sèche;61;OUI
SAANR_FOURRAGE_2;2002;FR;METRO;NR44;54;Cultures développées;3.12.1.12;Prairies temporaires;Groupe d'indicateurs;070.02;Rendement matière sèche;73;OUI
SAANR_FOURRAGE_2;2002;FR;METRO;NR44;55;Cultures développées;3.12.1.12;Prairies temporaires;Groupe d'indicateurs;070.02;Rendement matière sèche;75;OUI
SAANR_FOURRAGE_2;2002;FR;METRO;NR44;57;Cultures développées;3.12.1.12;Prairies temporaires;Groupe d'indicateurs;070.02;Rendement matière sèche;72;OUI
SAANR_FOURRAGE_2;2002;FR;METRO;NR44;67;Cultures développées;3.12.1.12;Prairies temporaires;Groupe d'indicateurs;070.02;Rendement matière sèche;87;OUI
SAANR_FOURRAGE_2;2002;FR;METRO;NR44;68;Cultures développées;3.12.1.12;Prairies temporaires;Groupe d'indicateurs;070.02;Rendement matière sèche;87;OUI
SAANR_FOURRAGE_2;2002;FR;METRO;NR44;88;Cultures développées;3.12.1.12;Prairies temporaires;Groupe d'indicateurs;070.02;Rendement matière sèche;77;OUI
SAANR_FOURRAGE_2;2002;FR;METRO;NR44;08;Cultures développées;3.12.2;Superficie toujours en herbe (STH);Groupe d'indicateurs;020.08;Production séche (volume);10066780;OUI
SAANR_FOURRAGE_2;2002;FR;METRO;NR44;10;Cultures développées;3.12.2;Superficie toujours en herbe (STH);Groupe d'indicateurs;020.08;Production séche (volume);1533330;OUI
SAANR_FOURRAGE_2;2002;FR;METRO;NR44;51;Cultures développées;3.12.2;Superficie toujours en herbe (STH);Groupe d'indicateurs;020.08;Production séche (volume);1384054;OUI
SAANR_FOURRAGE_2;2002;FR;METRO;NR44;52;Cultures développées;3.12.2;Superficie toujours en herbe (STH);Groupe d'indicateurs;020.08;Production séche (volume);5397550;OUI
SAANR_FOURRAGE_2;2002;FR;METRO;NR44;54;Cultures développées;3.12.2;Superficie toujours en herbe (STH);Groupe d'indicateurs;020.08;Production séche (volume);6207658;OUI
SAANR_FOURRAGE_2;2002;FR;METRO;NR44;55;Cultures développées;3.12.2;Superficie toujours en herbe (STH);Groupe d'indicateurs;020.08;Production séche (volume);7323355;OUI
SAANR_FOURRAGE_2;2002;FR;METRO;NR44;57;Cultures développées;3.12.2;Superficie toujours en herbe (STH);Groupe d'indicateurs;020.08;Production séche (volume);7876484;OUI
SAANR_FOURRAGE_2;2002;FR;METRO;NR44;67;Cultures développées;3.12.2;Superficie toujours en herbe (STH);Groupe d'indicateurs;020.08;Production séche (volume);3168340;OUI
SAANR_FOURRAGE_2;2002;FR;METRO;NR44;68;Cultures développées;3.12.2;Superficie toujours en herbe (STH);Groupe d'indicateurs;020.08;Production séche (volume);1744670;OUI
SAANR_FOURRAGE_2;2002;FR;METRO;NR44;88;Cultures développées;3.12.2;Superficie toujours en herbe (STH);Groupe d'indicateurs;020.08;Production séche (volume);8678708;OUI
SAANR_FOURRAGE_2;2002;FR;METRO;NR44;08;Cultures développées;3.12.2;Superficie toujours en herbe (STH);Groupe d'indicateurs;050.07;Superficie concernée;144463;OUI
SAANR_FOURRAGE_2;2002;FR;METRO;NR44;10;Cultures développées;3.12.2;Superficie toujours en herbe (STH);Groupe d'indicateurs;050.07;Superficie concernée;28206;OUI
SAANR_FOURRAGE_2;2002;FR;METRO;NR44;51;Cultures développées;3.12.2;Superficie toujours en herbe (STH);Groupe d'indicateurs;050.07;Superficie concernée;27811;OUI
SAANR_FOURRAGE_2;2002;FR;METRO;NR44;52;Cultures développées;3.12.2;Superficie toujours en herbe (STH);Groupe d'indicateurs;050.07;Superficie concernée;108289;OUI
SAANR_FOURRAGE_2;2002;FR;METRO;NR44;54;Cultures développées;3.12.2;Superficie toujours en herbe (STH);Groupe d'indicateurs;050.07;Superficie concernée;107633;OUI
SAANR_FOURRAGE_2;2002;FR;METRO;NR44;55;Cultures développées;3.12.2;Superficie toujours en herbe (STH);Groupe d'indicateurs;050.07;Superficie concernée;117957;OUI
SAANR_FOURRAGE_2;2002;FR;METRO;NR44;57;Cultures développées;3.12.2;Superficie toujours en herbe (STH);Groupe d'indicateurs;050.07;Superficie concernée;139600;OUI
SAANR_FOURRAGE_2;2002;FR;METRO;NR44;67;Cultures développées;3.12.2;Superficie toujours en herbe (STH);Groupe d'indicateurs;050.07;Superficie concernée;51752;OUI
SAANR_FOURRAGE_2;2002;FR;METRO;NR44;68;Cultures développées;3.12.2;Superficie toujours en herbe (STH);Groupe d'indicateurs;050.07;Superficie concernée;30342;OUI
SAANR_FOURRAGE_2;2002;FR;METRO;NR44;88;Cultures développées;3.12.2;Superficie toujours en herbe (STH);Groupe d'indicateurs;050.07;Superficie concernée;145172;OUI
SAANR_FOURRAGE_2;2002;FR;METRO;NR44;08;Cultures développées;3.12.2;Superficie toujours en herbe (STH);Groupe d'indicateurs;070.02;Rendement matière sèche;69.7;OUI
SAANR_FOURRAGE_2;2002;FR;METRO;NR44;10;Cultures développées;3.12.2;Superficie toujours en herbe (STH);Groupe d'indicateurs;070.02;Rendement matière sèche;54.4;OUI
SAANR_FOURRAGE_2;2002;FR;METRO;NR44;51;Cultures développées;3.12.2;Superficie toujours en herbe (STH);Groupe d'indicateurs;070.02;Rendement matière sèche;49.8;OUI
SAANR_FOURRAGE_2;2002;FR;METRO;NR44;52;Cultures développées;3.12.2;Superficie toujours en herbe (STH);Groupe d'indicateurs;070.02;Rendement matière sèche;49.8;OUI
SAANR_FOURRAGE_2;2002;FR;METRO;NR44;54;Cultures développées;3.12.2;Superficie toujours en herbe (STH);Groupe d'indicateurs;070.02;Rendement matière sèche;57.7;OUI
SAANR_FOURRAGE_2;2002;FR;METRO;NR44;55;Cultures développées;3.12.2;Superficie toujours en herbe (STH);Groupe d'indicateurs;070.02;Rendement matière sèche;62.1;OUI
SAANR_FOURRAGE_2;2002;FR;METRO;NR44;57;Cultures développées;3.12.2;Superficie toujours en herbe (STH);Groupe d'indicateurs;070.02;Rendement matière sèche;56.4;OUI
SAANR_FOURRAGE_2;2002;FR;METRO;NR44;67;Cultures développées;3.12.2;Superficie toujours en herbe (STH);Groupe d'indicateurs;070.02;Rendement matière sèche;61.2;OUI
SAANR_FOURRAGE_2;2002;FR;METRO;NR44;68;Cultures développées;3.12.2;Superficie toujours en herbe (STH);Groupe d'indicateurs;070.02;Rendement matière sèche;57.5;OUI
SAANR_FOURRAGE_2;2002;FR;METRO;NR44;88;Cultures développées;3.12.2;Superficie toujours en herbe (STH);Groupe d'indicateurs;070.02;Rendement matière sèche;59.8;OUI
SAANR_FOURRAGE_2;2002;FR;METRO;NR44;08;Cultures développées;3.12.2.11;Prairies naturelles ou semées depuis plus de 6 ans;Groupe d'indicateurs;020.08;Production séche (volume);10041430;OUI
SAANR_FOURRAGE_2;2002;FR;METRO;NR44;10;Cultures développées;3.12.2.11;Prairies naturelles ou semées depuis plus de 6 ans;Groupe d'indicateurs;020.08;Production séche (volume);1501830;OUI
SAANR_FOURRAGE_2;2002;FR;METRO;NR44;51;Cultures développées;3.12.2.11;Prairies naturelles ou semées depuis plus de 6 ans;Groupe d'indicateurs;020.08;Production séche (volume);1344150;OUI
SAANR_FOURRAGE_2;2002;FR;METRO;NR44;52;Cultures développées;3.12.2.11;Prairies naturelles ou semées depuis plus de 6 ans;Groupe d'indicateurs;020.08;Production séche (volume);5372200;OUI
SAANR_FOURRAGE_2;2002;FR;METRO;NR44;54;Cultures développées;3.12.2.11;Prairies naturelles ou semées depuis plus de 6 ans;Groupe d'indicateurs;020.08;Production séche (volume);6170098;OUI
SAANR_FOURRAGE_2;2002;FR;METRO;NR44;55;Cultures développées;3.12.2.11;Prairies naturelles ou semées depuis plus de 6 ans;Groupe d'indicateurs;020.08;Production séche (volume);7218792;OUI
SAANR_FOURRAGE_2;2002;FR;METRO;NR44;57;Cultures développées;3.12.2.11;Prairies naturelles ou semées depuis plus de 6 ans;Groupe d'indicateurs;020.08;Production séche (volume);7821882;OUI
SAANR_FOURRAGE_2;2002;FR;METRO;NR44;67;Cultures développées;3.12.2.11;Prairies naturelles ou semées depuis plus de 6 ans;Groupe d'indicateurs;020.08;Production séche (volume);3116120;OUI
SAANR_FOURRAGE_2;2002;FR;METRO;NR44;68;Cultures développées;3.12.2.11;Prairies naturelles ou semées depuis plus de 6 ans;Groupe d'indicateurs;020.08;Production séche (volume);1602445;OUI
SAANR_FOURRAGE_2;2002;FR;METRO;NR44;88;Cultures développées;3.12.2.11;Prairies naturelles ou semées depuis plus de 6 ans;Groupe d'indicateurs;020.08;Production séche (volume);8483636;OUI
SAANR_FOURRAGE_2;2002;FR;METRO;NR44;08;Cultures développées;3.12.2.11;Prairies naturelles ou semées depuis plus de 6 ans;Groupe d'indicateurs;050.07;Superficie concernée;143449;OUI
SAANR_FOURRAGE_2;2002;FR;METRO;NR44;10;Cultures développées;3.12.2.11;Prairies naturelles ou semées depuis plus de 6 ans;Groupe d'indicateurs;050.07;Superficie concernée;27306;OUI
SAANR_FOURRAGE_2;2002;FR;METRO;NR44;51;Cultures développées;3.12.2.11;Prairies naturelles ou semées depuis plus de 6 ans;Groupe d'indicateurs;050.07;Superficie concernée;26883;OUI
SAANR_FOURRAGE_2;2002;FR;METRO;NR44;52;Cultures développées;3.12.2.11;Prairies naturelles ou semées depuis plus de 6 ans;Groupe d'indicateurs;050.07;Superficie concernée;107444;OUI
SAANR_FOURRAGE_2;2002;FR;METRO;NR44;54;Cultures développées;3.12.2.11;Prairies naturelles ou semées depuis plus de 6 ans;Groupe d'indicateurs;050.07;Superficie concernée;106381;OUI
SAANR_FOURRAGE_2;2002;FR;METRO;NR44;55;Cultures développées;3.12.2.11;Prairies naturelles ou semées depuis plus de 6 ans;Groupe d'indicateurs;050.07;Superficie concernée;114584;OUI
SAANR_FOURRAGE_2;2002;FR;METRO;NR44;57;Cultures développées;3.12.2.11;Prairies naturelles ou semées depuis plus de 6 ans;Groupe d'indicateurs;050.07;Superficie concernée;137226;OUI
SAANR_FOURRAGE_2;2002;FR;METRO;NR44;67;Cultures développées;3.12.2.11;Prairies naturelles ou semées depuis plus de 6 ans;Groupe d'indicateurs;050.07;Superficie concernée;50260;OUI
SAANR_FOURRAGE_2;2002;FR;METRO;NR44;68;Cultures développées;3.12.2.11;Prairies naturelles ou semées depuis plus de 6 ans;Groupe d'indicateurs;050.07;Superficie concernée;24653;OUI
SAANR_FOURRAGE_2;2002;FR;METRO;NR44;88;Cultures développées;3.12.2.11;Prairies naturelles ou semées depuis plus de 6 ans;Groupe d'indicateurs;050.07;Superficie concernée;139076;OUI
SAANR_FOURRAGE_2;2002;FR;METRO;NR44;08;Cultures développées;3.12.2.11;Prairies naturelles ou semées depuis plus de 6 ans;Groupe d'indicateurs;070.02;Rendement matière sèche;70;OUI
SAANR_FOURRAGE_2;2002;FR;METRO;NR44;10;Cultures développées;3.12.2.11;Prairies naturelles ou semées depuis plus de 6 ans;Groupe d'indicateurs;070.02;Rendement matière sèche;55;OUI
SAANR_FOURRAGE_2;2002;FR;METRO;NR44;51;Cultures développées;3.12.2.11;Prairies naturelles ou semées depuis plus de 6 ans;Groupe d'indicateurs;070.02;Rendement matière sèche;50;OUI
SAANR_FOURRAGE_2;2002;FR;METRO;NR44;52;Cultures développées;3.12.2.11;Prairies naturelles ou semées depuis plus de 6 ans;Groupe d'indicateurs;070.02;Rendement matière sèche;50;OUI
SAANR_FOURRAGE_2;2002;FR;METRO;NR44;54;Cultures développées;3.12.2.11;Prairies naturelles ou semées depuis plus de 6 ans;Groupe d'indicateurs;070.02;Rendement matière sèche;58;OUI
SAANR_FOURRAGE_2;2002;FR;METRO;NR44;55;Cultures développées;3.12.2.11;Prairies naturelles ou semées depuis plus de 6 ans;Groupe d'indicateurs;070.02;Rendement matière sèche;63;OUI
SAANR_FOURRAGE_2;2002;FR;METRO;NR44;57;Cultures développées;3.12.2.11;Prairies naturelles ou semées depuis plus de 6 ans;Groupe d'indicateurs;070.02;Rendement matière sèche;57;OUI
SAANR_FOURRAGE_2;2002;FR;METRO;NR44;67;Cultures développées;3.12.2.11;Prairies naturelles ou semées depuis plus de 6 ans;Groupe d'indicateurs;070.02;Rendement matière sèche;62;OUI
SAANR_FOURRAGE_2;2002;FR;METRO;NR44;68;Cultures développées;3.12.2.11;Prairies naturelles ou semées depuis plus de 6 ans;Groupe d'indicateurs;070.02;Rendement matière sèche;65;OUI
SAANR_FOURRAGE_2;2002;FR;METRO;NR44;88;Cultures développées;3.12.2.11;Prairies naturelles ou semées depuis plus de 6 ans;Groupe d'indicateurs;070.02;Rendement matière sèche;61;OUI
SAANR_FOURRAGE_2;2002;FR;METRO;NR44;08;Cultures développées;3.12.2.12;STH (Superficies toujours en herbe) peu productives (pâturages pauvres);Groupe d'indicateurs;020.08;Production séche (volume);25350;OUI
SAANR_FOURRAGE_2;2002;FR;METRO;NR44;10;Cultures développées;3.12.2.12;STH (Superficies toujours en herbe) peu productives (pâturages pauvres);Groupe d'indicateurs;020.08;Production séche (volume);31500;OUI
SAANR_FOURRAGE_2;2002;FR;METRO;NR44;51;Cultures développées;3.12.2.12;STH (Superficies toujours en herbe) peu productives (pâturages pauvres);Groupe d'indicateurs;020.08;Production séche (volume);39904;OUI
SAANR_FOURRAGE_2;2002;FR;METRO;NR44;52;Cultures développées;3.12.2.12;STH (Superficies toujours en herbe) peu productives (pâturages pauvres);Groupe d'indicateurs;020.08;Production séche (volume);25350;OUI
SAANR_FOURRAGE_2;2002;FR;METRO;NR44;54;Cultures développées;3.12.2.12;STH (Superficies toujours en herbe) peu productives (pâturages pauvres);Groupe d'indicateurs;020.08;Production séche (volume);37560;OUI
SAANR_FOURRAGE_2;2002;FR;METRO;NR44;55;Cultures développées;3.12.2.12;STH (Superficies toujours en herbe) peu productives (pâturages pauvres);Groupe d'indicateurs;020.08;Production séche (volume);104563;OUI
SAANR_FOURRAGE_2;2002;FR;METRO;NR44;57;Cultures développées;3.12.2.12;STH (Superficies toujours en herbe) peu productives (pâturages pauvres);Groupe d'indicateurs;020.08;Production séche (volume);54602;OUI
SAANR_FOURRAGE_2;2002;FR;METRO;NR44;67;Cultures développées;3.12.2.12;STH (Superficies toujours en herbe) peu productives (pâturages pauvres);Groupe d'indicateurs;020.08;Production séche (volume);52220;OUI
SAANR_FOURRAGE_2;2002;FR;METRO;NR44;68;Cultures développées;3.12.2.12;STH (Superficies toujours en herbe) peu productives (pâturages pauvres);Groupe d'indicateurs;020.08;Production séche (volume);142225;OUI
SAANR_FOURRAGE_2;2002;FR;METRO;NR44;88;Cultures développées;3.12.2.12;STH (Superficies toujours en herbe) peu productives (pâturages pauvres);Groupe d'indicateurs;020.08;Production séche (volume);195072;OUI
SAANR_FOURRAGE_2;2002;FR;METRO;NR44;08;Cultures développées;3.12.2.12;STH (Superficies toujours en herbe) peu productives (pâturages pauvres);Groupe d'indicateurs;050.07;Superficie concernée;1014;OUI
SAANR_FOURRAGE_2;2002;FR;METRO;NR44;10;Cultures développées;3.12.2.12;STH (Superficies toujours en herbe) peu productives (pâturages pauvres);Groupe d'indicateurs;050.07;Superficie concernée;900;OUI
SAANR_FOURRAGE_2;2002;FR;METRO;NR44;51;Cultures développées;3.12.2.12;STH (Superficies toujours en herbe) peu productives (pâturages pauvres);Groupe d'indicateurs;050.07;Superficie concernée;928;OUI
SAANR_FOURRAGE_2;2002;FR;METRO;NR44;52;Cultures développées;3.12.2.12;STH (Superficies toujours en herbe) peu productives (pâturages pauvres);Groupe d'indicateurs;050.07;Superficie concernée;845;OUI
SAANR_FOURRAGE_2;2002;FR;METRO;NR44;54;Cultures développées;3.12.2.12;STH (Superficies toujours en herbe) peu productives (pâturages pauvres);Groupe d'indicateurs;050.07;Superficie concernée;1252;OUI
SAANR_FOURRAGE_2;2002;FR;METRO;NR44;55;Cultures développées;3.12.2.12;STH (Superficies toujours en herbe) peu productives (pâturages pauvres);Groupe d'indicateurs;050.07;Superficie concernée;3373;OUI
SAANR_FOURRAGE_2;2002;FR;METRO;NR44;57;Cultures développées;3.12.2.12;STH (Superficies toujours en herbe) peu productives (pâturages pauvres);Groupe d'indicateurs;050.07;Superficie concernée;2374;OUI
SAANR_FOURRAGE_2;2002;FR;METRO;NR44;67;Cultures développées;3.12.2.12;STH (Superficies toujours en herbe) peu productives (pâturages pauvres);Groupe d'indicateurs;050.07;Superficie concernée;1492;OUI
SAANR_FOURRAGE_2;2002;FR;METRO;NR44;68;Cultures développées;3.12.2.12;STH (Superficies toujours en herbe) peu productives (pâturages pauvres);Groupe d'indicateurs;050.07;Superficie concernée;5689;OUI
SAANR_FOURRAGE_2;2002;FR;METRO;NR44;88;Cultures développées;3.12.2.12;STH (Superficies toujours en herbe) peu productives (pâturages pauvres);Groupe d'indicateurs;050.07;Superficie concernée;6096;OUI
SAANR_FOURRAGE_2;2002;FR;METRO;NR44;08;Cultures développées;3.12.2.12;STH (Superficies toujours en herbe) peu productives (pâturages pauvres);Groupe d'indicateurs;070.02;Rendement matière sèche;25;OUI
SAANR_FOURRAGE_2;2002;FR;METRO;NR44;10;Cultures développées;3.12.2.12;STH (Superficies toujours en herbe) peu productives (pâturages pauvres);Groupe d'indicateurs;070.02;Rendement matière sèche;35;OUI
SAANR_FOURRAGE_2;2002;FR;METRO;NR44;51;Cultures développées;3.12.2.12;STH (Superficies toujours en herbe) peu productives (pâturages pauvres);Groupe d'indicateurs;070.02;Rendement matière sèche;43;OUI
SAANR_FOURRAGE_2;2002;FR;METRO;NR44;52;Cultures développées;3.12.2.12;STH (Superficies toujours en herbe) peu productives (pâturages pauvres);Groupe d'indicateurs;070.02;Rendement matière sèche;30;OUI
SAANR_FOURRAGE_2;2002;FR;METRO;NR44;54;Cultures développées;3.12.2.12;STH (Superficies toujours en herbe) peu productives (pâturages pauvres);Groupe d'indicateurs;070.02;Rendement matière sèche;30;OUI
SAANR_FOURRAGE_2;2002;FR;METRO;NR44;55;Cultures développées;3.12.2.12;STH (Superficies toujours en herbe) peu productives (pâturages pauvres);Groupe d'indicateurs;070.02;Rendement matière sèche;31;OUI
SAANR_FOURRAGE_2;2002;FR;METRO;NR44;57;Cultures développées;3.12.2.12;STH (Superficies toujours en herbe) peu productives (pâturages pauvres);Groupe d'indicateurs;070.02;Rendement matière sèche;23;OUI
SAANR_FOURRAGE_2;2002;FR;METRO;NR44;67;Cultures développées;3.12.2.12;STH (Superficies toujours en herbe) peu productives (pâturages pauvres);Groupe d'indicateurs;070.02;Rendement matière sèche;35;OUI
SAANR_FOURRAGE_2;2002;FR;METRO;NR44;68;Cultures développées;3.12.2.12;STH (Superficies toujours en herbe) peu productives (pâturages pauvres);Groupe d'indicateurs;070.02;Rendement matière sèche;25;OUI
SAANR_FOURRAGE_2;2002;FR;METRO;NR44;88;Cultures développées;3.12.2.12;STH (Superficies toujours en herbe) peu productives (pâturages pauvres);Groupe d'indicateurs;070.02;Rendement matière sèche;32;OUI
SAANR_FOURRAGE_2;2002;FR;METRO;NR52;44;Cultures développées;3;Fourrages annuels, prairies non permanentes et STH;Groupe d'indicateurs;020.08;Production séche (volume);20946166;OUI
SAANR_FOURRAGE_2;2002;FR;METRO;NR52;49;Cultures développées;3;Fourrages annuels, prairies non permanentes et STH;Groupe d'indicateurs;020.08;Production séche (volume);23703332;OUI
SAANR_FOURRAGE_2;2002;FR;METRO;NR52;53;Cultures développées;3;Fourrages annuels, prairies non permanentes et STH;Groupe d'indicateurs;020.08;Production séche (volume);26941315;OUI
SAANR_FOURRAGE_2;2002;FR;METRO;NR52;72;Cultures développées;3;Fourrages annuels, prairies non permanentes et STH;Groupe d'indicateurs;020.08;Production séche (volume);14326586;OUI
SAANR_FOURRAGE_2;2002;FR;METRO;NR52;85;Cultures développées;3;Fourrages annuels, prairies non permanentes et STH;Groupe d'indicateurs;020.08;Production séche (volume);31127699;OUI
SAANR_FOURRAGE_2;2002;FR;METRO;NR52;44;Cultures développées;3;Fourrages annuels, prairies non permanentes et STH;Groupe d'indicateurs;050.07;Superficie concernée;331431;OUI
SAANR_FOURRAGE_2;2002;FR;METRO;NR52;49;Cultures développées;3;Fourrages annuels, prairies non permanentes et STH;Groupe d'indicateurs;050.07;Superficie concernée;289743;OUI
SAANR_FOURRAGE_2;2002;FR;METRO;NR52;53;Cultures développées;3;Fourrages annuels, prairies non permanentes et STH;Groupe d'indicateurs;050.07;Superficie concernée;306294;OUI
SAANR_FOURRAGE_2;2002;FR;METRO;NR52;72;Cultures développées;3;Fourrages annuels, prairies non permanentes et STH;Groupe d'indicateurs;050.07;Superficie concernée;217332;OUI
SAANR_FOURRAGE_2;2002;FR;METRO;NR52;85;Cultures développées;3;Fourrages annuels, prairies non permanentes et STH;Groupe d'indicateurs;050.07;Superficie concernée;320794;OUI
SAANR_FOURRAGE_2;2002;FR;METRO;NR52;44;Cultures développées;3;Fourrages annuels, prairies non permanentes et STH;Groupe d'indicateurs;070.02;Rendement matière sèche;;OUI
SAANR_FOURRAGE_2;2002;FR;METRO;NR52;49;Cultures développées;3;Fourrages annuels, prairies non permanentes et STH;Groupe d'indicateurs;070.02;Rendement matière sèche;;OUI
SAANR_FOURRAGE_2;2002;FR;METRO;NR52;53;Cultures développées;3;Fourrages annuels, prairies non permanentes et STH;Groupe d'indicateurs;070.02;Rendement matière sèche;;OUI
SAANR_FOURRAGE_2;2002;FR;METRO;NR52;72;Cultures développées;3;Fourrages annuels, prairies non permanentes et STH;Groupe d'indicateurs;070.02;Rendement matière sèche;;OUI
SAANR_FOURRAGE_2;2002;FR;METRO;NR52;85;Cultures développées;3;Fourrages annuels, prairies non permanentes et STH;Groupe d'indicateurs;070.02;Rendement matière sèche;;OUI
SAANR_FOURRAGE_2;2002;FR;METRO;NR52;44;Cultures développées;3.11;Fourrages annuels;Groupe d'indicateurs;020.08;Production séche (volume);6390300;OUI
SAANR_FOURRAGE_2;2002;FR;METRO;NR52;49;Cultures développées;3.11;Fourrages annuels;Groupe d'indicateurs;020.08;Production séche (volume);6193800;OUI
SAANR_FOURRAGE_2;2002;FR;METRO;NR52;53;Cultures développées;3.11;Fourrages annuels;Groupe d'indicateurs;020.08;Production séche (volume);11112600;OUI
SAANR_FOURRAGE_2;2002;FR;METRO;NR52;72;Cultures développées;3.11;Fourrages annuels;Groupe d'indicateurs;020.08;Production séche (volume);4996700;OUI
SAANR_FOURRAGE_2;2002;FR;METRO;NR52;85;Cultures développées;3.11;Fourrages annuels;Groupe d'indicateurs;020.08;Production séche (volume);9435400;OUI
SAANR_FOURRAGE_2;2002;FR;METRO;NR52;44;Cultures développées;3.11;Fourrages annuels;Groupe d'indicateurs;050.07;Superficie concernée;61150;OUI
SAANR_FOURRAGE_2;2002;FR;METRO;NR52;49;Cultures développées;3.11;Fourrages annuels;Groupe d'indicateurs;050.07;Superficie concernée;57700;OUI
SAANR_FOURRAGE_2;2002;FR;METRO;NR52;53;Cultures développées;3.11;Fourrages annuels;Groupe d'indicateurs;050.07;Superficie concernée;99800;OUI
SAANR_FOURRAGE_2;2002;FR;METRO;NR52;72;Cultures développées;3.11;Fourrages annuels;Groupe d'indicateurs;050.07;Superficie concernée;44640;OUI
SAANR_FOURRAGE_2;2002;FR;METRO;NR52;85;Cultures développées;3.11;Fourrages annuels;Groupe d'indicateurs;050.07;Superficie concernée;96300;OUI
SAANR_FOURRAGE_2;2002;FR;METRO;NR52;44;Cultures développées;3.11;Fourrages annuels;Groupe d'indicateurs;070.02;Rendement matière sèche;;OUI
SAANR_FOURRAGE_2;2002;FR;METRO;NR52;49;Cultures développées;3.11;Fourrages annuels;Groupe d'indicateurs;070.02;Rendement matière sèche;;OUI
SAANR_FOURRAGE_2;2002;FR;METRO;NR52;53;Cultures développées;3.11;Fourrages annuels;Groupe d'indicateurs;070.02;Rendement matière sèche;;OUI
SAANR_FOURRAGE_2;2002;FR;METRO;NR52;72;Cultures développées;3.11;Fourrages annuels;Groupe d'indicateurs;070.02;Rendement matière sèche;;OUI
SAANR_FOURRAGE_2;2002;FR;METRO;NR52;85;Cultures développées;3.11;Fourrages annuels;Groupe d'indicateurs;070.02;Rendement matière sèche;;OUI
SAANR_FOURRAGE_2;2002;FR;METRO;NR52;44;Cultures développées;3.11.1;Maïs fourrage et ensilage (plante entière);Groupe d'indicateurs;020.08;Production séche (volume);5880000;OUI
SAANR_FOURRAGE_2;2002;FR;METRO;NR52;49;Cultures développées;3.11.1;Maïs fourrage et ensilage (plante entière);Groupe d'indicateurs;020.08;Production séche (volume);5796000;OUI
SAANR_FOURRAGE_2;2002;FR;METRO;NR52;53;Cultures développées;3.11.1;Maïs fourrage et ensilage (plante entière);Groupe d'indicateurs;020.08;Production séche (volume);10023000;OUI
SAANR_FOURRAGE_2;2002;FR;METRO;NR52;72;Cultures développées;3.11.1;Maïs fourrage et ensilage (plante entière);Groupe d'indicateurs;020.08;Production séche (volume);4812500;OUI
SAANR_FOURRAGE_2;2002;FR;METRO;NR52;85;Cultures développées;3.11.1;Maïs fourrage et ensilage (plante entière);Groupe d'indicateurs;020.08;Production séche (volume);7040000;OUI
SAANR_FOURRAGE_2;2002;FR;METRO;NR52;44;Cultures développées;3.11.1;Maïs fourrage et ensilage (plante entière);Groupe d'indicateurs;050.07;Superficie concernée;49000;OUI
SAANR_FOURRAGE_2;2002;FR;METRO;NR52;49;Cultures développées;3.11.1;Maïs fourrage et ensilage (plante entière);Groupe d'indicateurs;050.07;Superficie concernée;46000;OUI
SAANR_FOURRAGE_2;2002;FR;METRO;NR52;53;Cultures développées;3.11.1;Maïs fourrage et ensilage (plante entière);Groupe d'indicateurs;050.07;Superficie concernée;77100;OUI
SAANR_FOURRAGE_2;2002;FR;METRO;NR52;72;Cultures développées;3.11.1;Maïs fourrage et ensilage (plante entière);Groupe d'indicateurs;050.07;Superficie concernée;38500;OUI
SAANR_FOURRAGE_2;2002;FR;METRO;NR52;85;Cultures développées;3.11.1;Maïs fourrage et ensilage (plante entière);Groupe d'indicateurs;050.07;Superficie concernée;55000;OUI
SAANR_FOURRAGE_2;2002;FR;METRO;NR52;44;Cultures développées;3.11.1;Maïs fourrage et ensilage (plante entière);Groupe d'indicateurs;070.02;Rendement matière sèche;120;OUI
SAANR_FOURRAGE_2;2002;FR;METRO;NR52;49;Cultures développées;3.11.1;Maïs fourrage et ensilage (plante entière);Groupe d'indicateurs;070.02;Rendement matière sèche;126;OUI
SAANR_FOURRAGE_2;2002;FR;METRO;NR52;53;Cultures développées;3.11.1;Maïs fourrage et ensilage (plante entière);Groupe d'indicateurs;070.02;Rendement matière sèche;130;OUI
SAANR_FOURRAGE_2;2002;FR;METRO;NR52;72;Cultures développées;3.11.1;Maïs fourrage et ensilage (plante entière);Groupe d'indicateurs;070.02;Rendement matière sèche;125;OUI
SAANR_FOURRAGE_2;2002;FR;METRO;NR52;85;Cultures développées;3.11.1;Maïs fourrage et ensilage (plante entière);Groupe d'indicateurs;070.02;Rendement matière sèche;128;OUI
SAANR_FOURRAGE_2;2002;FR;METRO;NR52;44;Cultures développées;3.11.1.12;Maïs fourrage et ensilage (plante entière) non irrigué;Groupe d'indicateurs;020.08;Production séche (volume);5880000;OUI
SAANR_FOURRAGE_2;2002;FR;METRO;NR52;49;Cultures développées;3.11.1.12;Maïs fourrage et ensilage (plante entière) non irrigué;Groupe d'indicateurs;020.08;Production séche (volume);5796000;OUI
SAANR_FOURRAGE_2;2002;FR;METRO;NR52;53;Cultures développées;3.11.1.12;Maïs fourrage et ensilage (plante entière) non irrigué;Groupe d'indicateurs;020.08;Production séche (volume);10023000;OUI
SAANR_FOURRAGE_2;2002;FR;METRO;NR52;72;Cultures développées;3.11.1.12;Maïs fourrage et ensilage (plante entière) non irrigué;Groupe d'indicateurs;020.08;Production séche (volume);4812500;OUI
SAANR_FOURRAGE_2;2002;FR;METRO;NR52;85;Cultures développées;3.11.1.12;Maïs fourrage et ensilage (plante entière) non irrigué;Groupe d'indicateurs;020.08;Production séche (volume);7040000;OUI
SAANR_FOURRAGE_2;2002;FR;METRO;NR52;44;Cultures développées;3.11.1.12;Maïs fourrage et ensilage (plante entière) non irrigué;Groupe d'indicateurs;050.07;Superficie concernée;49000;OUI
SAANR_FOURRAGE_2;2002;FR;METRO;NR52;49;Cultures développées;3.11.1.12;Maïs fourrage et ensilage (plante entière) non irrigué;Groupe d'indicateurs;050.07;Superficie concernée;46000;OUI
SAANR_FOURRAGE_2;2002;FR;METRO;NR52;53;Cultures développées;3.11.1.12;Maïs fourrage et ensilage (plante entière) non irrigué;Groupe d'indicateurs;050.07;Superficie concernée;77100;OUI
SAANR_FOURRAGE_2;2002;FR;METRO;NR52;72;Cultures développées;3.11.1.12;Maïs fourrage et ensilage (plante entière) non irrigué;Groupe d'indicateurs;050.07;Superficie concernée;38500;OUI
SAANR_FOURRAGE_2;2002;FR;METRO;NR52;85;Cultures développées;3.11.1.12;Maïs fourrage et ensilage (plante entière) non irrigué;Groupe d'indicateurs;050.07;Superficie concernée;55000;OUI
SAANR_FOURRAGE_2;2002;FR;METRO;NR52;44;Cultures développées;3.11.1.12;Maïs fourrage et ensilage (plante entière) non irrigué;Groupe d'indicateurs;070.02;Rendement matière sèche;120;OUI
SAANR_FOURRAGE_2;2002;FR;METRO;NR52;49;Cultures développées;3.11.1.12;Maïs fourrage et ensilage (plante entière) non irrigué;Groupe d'indicateurs;070.02;Rendement matière sèche;126;OUI
SAANR_FOURRAGE_2;2002;FR;METRO;NR52;53;Cultures développées;3.11.1.12;Maïs fourrage et ensilage (plante entière) non irrigué;Groupe d'indicateurs;070.02;Rendement matière sèche;130;OUI
SAANR_FOURRAGE_2;2002;FR;METRO;NR52;72;Cultures développées;3.11.1.12;Maïs fourrage et ensilage (plante entière) non irrigué;Groupe d'indicateurs;070.02;Rendement matière sèche;125;OUI
SAANR_FOURRAGE_2;2002;FR;METRO;NR52;85;Cultures développées;3.11.1.12;Maïs fourrage et ensilage (plante entière) non irrigué;Groupe d'indicateurs;070.02;Rendement matière sèche;128;OUI
SAANR_FOURRAGE_2;2002;FR;METRO;NR52;44;Cultures développées;3.11.9;Autres fourrages annuels, n.c.a.;Groupe d'indicateurs;020.08;Production séche (volume);510300;OUI
SAANR_FOURRAGE_2;2002;FR;METRO;NR52;49;Cultures développées;3.11.9;Autres fourrages annuels, n.c.a.;Groupe d'indicateurs;020.08;Production séche (volume);397800;OUI
SAANR_FOURRAGE_2;2002;FR;METRO;NR52;53;Cultures développées;3.11.9;Autres fourrages annuels, n.c.a.;Groupe d'indicateurs;020.08;Production séche (volume);1089600;OUI
SAANR_FOURRAGE_2;2002;FR;METRO;NR52;72;Cultures développées;3.11.9;Autres fourrages annuels, n.c.a.;Groupe d'indicateurs;020.08;Production séche (volume);184200;OUI
SAANR_FOURRAGE_2;2002;FR;METRO;NR52;85;Cultures développées;3.11.9;Autres fourrages annuels, n.c.a.;Groupe d'indicateurs;020.08;Production séche (volume);2395400;OUI
SAANR_FOURRAGE_2;2002;FR;METRO;NR52;44;Cultures développées;3.11.9;Autres fourrages annuels, n.c.a.;Groupe d'indicateurs;050.07;Superficie concernée;12150;OUI
SAANR_FOURRAGE_2;2002;FR;METRO;NR52;49;Cultures développées;3.11.9;Autres fourrages annuels, n.c.a.;Groupe d'indicateurs;050.07;Superficie concernée;11700;OUI
SAANR_FOURRAGE_2;2002;FR;METRO;NR52;53;Cultures développées;3.11.9;Autres fourrages annuels, n.c.a.;Groupe d'indicateurs;050.07;Superficie concernée;22700;OUI
SAANR_FOURRAGE_2;2002;FR;METRO;NR52;72;Cultures développées;3.11.9;Autres fourrages annuels, n.c.a.;Groupe d'indicateurs;050.07;Superficie concernée;6140;OUI
SAANR_FOURRAGE_2;2002;FR;METRO;NR52;85;Cultures développées;3.11.9;Autres fourrages annuels, n.c.a.;Groupe d'indicateurs;050.07;Superficie concernée;41300;OUI
SAANR_FOURRAGE_2;2002;FR;METRO;NR52;44;Cultures développées;3.12;Prairies non permanentes et STH;Groupe d'indicateurs;020.08;Production séche (volume);14555866;OUI
SAANR_FOURRAGE_2;2002;FR;METRO;NR52;49;Cultures développées;3.12;Prairies non permanentes et STH;Groupe d'indicateurs;020.08;Production séche (volume);17509532;OUI
SAANR_FOURRAGE_2;2002;FR;METRO;NR52;53;Cultures développées;3.12;Prairies non permanentes et STH;Groupe d'indicateurs;020.08;Production séche (volume);15828715;OUI
SAANR_FOURRAGE_2;2002;FR;METRO;NR52;72;Cultures développées;3.12;Prairies non permanentes et STH;Groupe d'indicateurs;020.08;Production séche (volume);9329886;OUI
SAANR_FOURRAGE_2;2002;FR;METRO;NR52;85;Cultures développées;3.12;Prairies non permanentes et STH;Groupe d'indicateurs;020.08;Production séche (volume);21692299;OUI
SAANR_FOURRAGE_2;2002;FR;METRO;NR52;44;Cultures développées;3.12;Prairies non permanentes et STH;Groupe d'indicateurs;050.07;Superficie concernée;270281;OUI
SAANR_FOURRAGE_2;2002;FR;METRO;NR52;49;Cultures développées;3.12;Prairies non permanentes et STH;Groupe d'indicateurs;050.07;Superficie concernée;232043;OUI
SAANR_FOURRAGE_2;2002;FR;METRO;NR52;53;Cultures développées;3.12;Prairies non permanentes et STH;Groupe d'indicateurs;050.07;Superficie concernée;206494;OUI
SAANR_FOURRAGE_2;2002;FR;METRO;NR52;72;Cultures développées;3.12;Prairies non permanentes et STH;Groupe d'indicateurs;050.07;Superficie concernée;172692;OUI
SAANR_FOURRAGE_2;2002;FR;METRO;NR52;85;Cultures développées;3.12;Prairies non permanentes et STH;Groupe d'indicateurs;050.07;Superficie concernée;224494;OUI
SAANR_FOURRAGE_2;2002;FR;METRO;NR52;44;Cultures développées;3.12;Prairies non permanentes et STH;Groupe d'indicateurs;070.02;Rendement matière sèche;53.9;OUI
SAANR_FOURRAGE_2;2002;FR;METRO;NR52;49;Cultures développées;3.12;Prairies non permanentes et STH;Groupe d'indicateurs;070.02;Rendement matière sèche;75.5;OUI
SAANR_FOURRAGE_2;2002;FR;METRO;NR52;53;Cultures développées;3.12;Prairies non permanentes et STH;Groupe d'indicateurs;070.02;Rendement matière sèche;76.7;OUI
SAANR_FOURRAGE_2;2002;FR;METRO;NR52;72;Cultures développées;3.12;Prairies non permanentes et STH;Groupe d'indicateurs;070.02;Rendement matière sèche;54;OUI
SAANR_FOURRAGE_2;2002;FR;METRO;NR52;85;Cultures développées;3.12;Prairies non permanentes et STH;Groupe d'indicateurs;070.02;Rendement matière sèche;96.6;OUI
SAANR_FOURRAGE_2;2002;FR;METRO;NR52;44;Cultures développées;3.12.1;Prairies non permanentes;Groupe d'indicateurs;020.08;Production séche (volume);9403366;OUI
SAANR_FOURRAGE_2;2002;FR;METRO;NR52;49;Cultures développées;3.12.1;Prairies non permanentes;Groupe d'indicateurs;020.08;Production séche (volume);10390738;OUI
SAANR_FOURRAGE_2;2002;FR;METRO;NR52;53;Cultures développées;3.12.1;Prairies non permanentes;Groupe d'indicateurs;020.08;Production séche (volume);9053482;OUI
SAANR_FOURRAGE_2;2002;FR;METRO;NR52;72;Cultures développées;3.12.1;Prairies non permanentes;Groupe d'indicateurs;020.08;Production séche (volume);2453936;OUI
SAANR_FOURRAGE_2;2002;FR;METRO;NR52;85;Cultures développées;3.12.1;Prairies non permanentes;Groupe d'indicateurs;020.08;Production séche (volume);13524945;OUI
SAANR_FOURRAGE_2;2002;FR;METRO;NR52;44;Cultures développées;3.12.1;Prairies non permanentes;Groupe d'indicateurs;050.07;Superficie concernée;140200;OUI
SAANR_FOURRAGE_2;2002;FR;METRO;NR52;49;Cultures développées;3.12.1;Prairies non permanentes;Groupe d'indicateurs;050.07;Superficie concernée;114315;OUI
SAANR_FOURRAGE_2;2002;FR;METRO;NR52;53;Cultures développées;3.12.1;Prairies non permanentes;Groupe d'indicateurs;050.07;Superficie concernée;105991;OUI
SAANR_FOURRAGE_2;2002;FR;METRO;NR52;72;Cultures développées;3.12.1;Prairies non permanentes;Groupe d'indicateurs;050.07;Superficie concernée;32920;OUI
SAANR_FOURRAGE_2;2002;FR;METRO;NR52;85;Cultures développées;3.12.1;Prairies non permanentes;Groupe d'indicateurs;050.07;Superficie concernée;117147;OUI
SAANR_FOURRAGE_2;2002;FR;METRO;NR52;44;Cultures développées;3.12.1;Prairies non permanentes;Groupe d'indicateurs;070.02;Rendement matière sèche;67.1;OUI
SAANR_FOURRAGE_2;2002;FR;METRO;NR52;49;Cultures développées;3.12.1;Prairies non permanentes;Groupe d'indicateurs;070.02;Rendement matière sèche;90.9;OUI
SAANR_FOURRAGE_2;2002;FR;METRO;NR52;53;Cultures développées;3.12.1;Prairies non permanentes;Groupe d'indicateurs;070.02;Rendement matière sèche;85.4;OUI
SAANR_FOURRAGE_2;2002;FR;METRO;NR52;72;Cultures développées;3.12.1;Prairies non permanentes;Groupe d'indicateurs;070.02;Rendement matière sèche;74.5;OUI
SAANR_FOURRAGE_2;2002;FR;METRO;NR52;85;Cultures développées;3.12.1;Prairies non permanentes;Groupe d'indicateurs;070.02;Rendement matière sèche;115.5;OUI
SAANR_FOURRAGE_2;2002;FR;METRO;NR52;44;Cultures développées;3.12.1.11;Prairie artificielle (luzerne, trèfle violet, ...);Groupe d'indicateurs;020.08;Production séche (volume);40317;OUI
SAANR_FOURRAGE_2;2002;FR;METRO;NR52;49;Cultures développées;3.12.1.11;Prairie artificielle (luzerne, trèfle violet, ...);Groupe d'indicateurs;020.08;Production séche (volume);521248;OUI
SAANR_FOURRAGE_2;2002;FR;METRO;NR52;53;Cultures développées;3.12.1.11;Prairie artificielle (luzerne, trèfle violet, ...);Groupe d'indicateurs;020.08;Production séche (volume);223342;OUI
SAANR_FOURRAGE_2;2002;FR;METRO;NR52;72;Cultures développées;3.12.1.11;Prairie artificielle (luzerne, trèfle violet, ...);Groupe d'indicateurs;020.08;Production séche (volume);100440;OUI
SAANR_FOURRAGE_2;2002;FR;METRO;NR52;85;Cultures développées;3.12.1.11;Prairie artificielle (luzerne, trèfle violet, ...);Groupe d'indicateurs;020.08;Production séche (volume);358020;OUI
SAANR_FOURRAGE_2;2002;FR;METRO;NR52;44;Cultures développées;3.12.1.11;Prairie artificielle (luzerne, trèfle violet, ...);Groupe d'indicateurs;050.07;Superficie concernée;453;OUI
SAANR_FOURRAGE_2;2002;FR;METRO;NR52;49;Cultures développées;3.12.1.11;Prairie artificielle (luzerne, trèfle violet, ...);Groupe d'indicateurs;050.07;Superficie concernée;4654;OUI
SAANR_FOURRAGE_2;2002;FR;METRO;NR52;53;Cultures développées;3.12.1.11;Prairie artificielle (luzerne, trèfle violet, ...);Groupe d'indicateurs;050.07;Superficie concernée;2107;OUI
SAANR_FOURRAGE_2;2002;FR;METRO;NR52;72;Cultures développées;3.12.1.11;Prairie artificielle (luzerne, trèfle violet, ...);Groupe d'indicateurs;050.07;Superficie concernée;1116;OUI
SAANR_FOURRAGE_2;2002;FR;METRO;NR52;85;Cultures développées;3.12.1.11;Prairie artificielle (luzerne, trèfle violet, ...);Groupe d'indicateurs;050.07;Superficie concernée;2652;OUI
SAANR_FOURRAGE_2;2002;FR;METRO;NR52;44;Cultures développées;3.12.1.11;Prairie artificielle (luzerne, trèfle violet, ...);Groupe d'indicateurs;070.02;Rendement matière sèche;89;OUI
SAANR_FOURRAGE_2;2002;FR;METRO;NR52;49;Cultures développées;3.12.1.11;Prairie artificielle (luzerne, trèfle violet, ...);Groupe d'indicateurs;070.02;Rendement matière sèche;112;OUI
SAANR_FOURRAGE_2;2002;FR;METRO;NR52;53;Cultures développées;3.12.1.11;Prairie artificielle (luzerne, trèfle violet, ...);Groupe d'indicateurs;070.02;Rendement matière sèche;106;OUI
SAANR_FOURRAGE_2;2002;FR;METRO;NR52;72;Cultures développées;3.12.1.11;Prairie artificielle (luzerne, trèfle violet, ...);Groupe d'indicateurs;070.02;Rendement matière sèche;90;OUI
SAANR_FOURRAGE_2;2002;FR;METRO;NR52;85;Cultures développées;3.12.1.11;Prairie artificielle (luzerne, trèfle violet, ...);Groupe d'indicateurs;070.02;Rendement matière sèche;135;OUI
SAANR_FOURRAGE_2;2002;FR;METRO;NR52;44;Cultures développées;3.12.1.11.2;Autres prairies artificielles;Groupe d'indicateurs;020.08;Production séche (volume);40317;OUI
SAANR_FOURRAGE_2;2002;FR;METRO;NR52;49;Cultures développées;3.12.1.11.2;Autres prairies artificielles;Groupe d'indicateurs;020.08;Production séche (volume);521248;OUI
SAANR_FOURRAGE_2;2002;FR;METRO;NR52;53;Cultures développées;3.12.1.11.2;Autres prairies artificielles;Groupe d'indicateurs;020.08;Production séche (volume);223342;OUI
SAANR_FOURRAGE_2;2002;FR;METRO;NR52;72;Cultures développées;3.12.1.11.2;Autres prairies artificielles;Groupe d'indicateurs;020.08;Production séche (volume);100440;OUI
SAANR_FOURRAGE_2;2002;FR;METRO;NR52;85;Cultures développées;3.12.1.11.2;Autres prairies artificielles;Groupe d'indicateurs;020.08;Production séche (volume);358020;OUI
SAANR_FOURRAGE_2;2002;FR;METRO;NR52;44;Cultures développées;3.12.1.11.2;Autres prairies artificielles;Groupe d'indicateurs;050.07;Superficie concernée;453;OUI
SAANR_FOURRAGE_2;2002;FR;METRO;NR52;49;Cultures développées;3.12.1.11.2;Autres prairies artificielles;Groupe d'indicateurs;050.07;Superficie concernée;4654;OUI
SAANR_FOURRAGE_2;2002;FR;METRO;NR52;53;Cultures développées;3.12.1.11.2;Autres prairies artificielles;Groupe d'indicateurs;050.07;Superficie concernée;2107;OUI
SAANR_FOURRAGE_2;2002;FR;METRO;NR52;72;Cultures développées;3.12.1.11.2;Autres prairies artificielles;Groupe d'indicateurs;050.07;Superficie concernée;1116;OUI
SAANR_FOURRAGE_2;2002;FR;METRO;NR52;85;Cultures développées;3.12.1.11.2;Autres prairies artificielles;Groupe d'indicateurs;050.07;Superficie concernée;2652;OUI
SAANR_FOURRAGE_2;2002;FR;METRO;NR52;44;Cultures développées;3.12.1.11.2;Autres prairies artificielles;Groupe d'indicateurs;070.02;Rendement matière sèche;89;OUI
SAANR_FOURRAGE_2;2002;FR;METRO;NR52;49;Cultures développées;3.12.1.11.2;Autres prairies artificielles;Groupe d'indicateurs;070.02;Rendement matière sèche;112;OUI
SAANR_FOURRAGE_2;2002;FR;METRO;NR52;53;Cultures développées;3.12.1.11.2;Autres prairies artificielles;Groupe d'indicateurs;070.02;Rendement matière sèche;106;OUI
SAANR_FOURRAGE_2;2002;FR;METRO;NR52;72;Cultures développées;3.12.1.11.2;Autres prairies artificielles;Groupe d'indicateurs;070.02;Rendement matière sèche;90;OUI
SAANR_FOURRAGE_2;2002;FR;METRO;NR52;85;Cultures développées;3.12.1.11.2;Autres prairies artificielles;Groupe d'indicateurs;070.02;Rendement matière sèche;135;OUI
SAANR_FOURRAGE_2;2002;FR;METRO;NR52;44;Cultures développées;3.12.1.12;Prairies temporaires;Groupe d'indicateurs;020.08;Production séche (volume);9363049;OUI
SAANR_FOURRAGE_2;2002;FR;METRO;NR52;49;Cultures développées;3.12.1.12;Prairies temporaires;Groupe d'indicateurs;020.08;Production séche (volume);9869490;OUI
SAANR_FOURRAGE_2;2002;FR;METRO;NR52;53;Cultures développées;3.12.1.12;Prairies temporaires;Groupe d'indicateurs;020.08;Production séche (volume);8830140;OUI
SAANR_FOURRAGE_2;2002;FR;METRO;NR52;72;Cultures développées;3.12.1.12;Prairies temporaires;Groupe d'indicateurs;020.08;Production séche (volume);2353496;OUI
SAANR_FOURRAGE_2;2002;FR;METRO;NR52;85;Cultures développées;3.12.1.12;Prairies temporaires;Groupe d'indicateurs;020.08;Production séche (volume);13166925;OUI
SAANR_FOURRAGE_2;2002;FR;METRO;NR52;44;Cultures développées;3.12.1.12;Prairies temporaires;Groupe d'indicateurs;050.07;Superficie concernée;139747;OUI
SAANR_FOURRAGE_2;2002;FR;METRO;NR52;49;Cultures développées;3.12.1.12;Prairies temporaires;Groupe d'indicateurs;050.07;Superficie concernée;109661;OUI
SAANR_FOURRAGE_2;2002;FR;METRO;NR52;53;Cultures développées;3.12.1.12;Prairies temporaires;Groupe d'indicateurs;050.07;Superficie concernée;103884;OUI
SAANR_FOURRAGE_2;2002;FR;METRO;NR52;72;Cultures développées;3.12.1.12;Prairies temporaires;Groupe d'indicateurs;050.07;Superficie concernée;31804;OUI
SAANR_FOURRAGE_2;2002;FR;METRO;NR52;85;Cultures développées;3.12.1.12;Prairies temporaires;Groupe d'indicateurs;050.07;Superficie concernée;114495;OUI
SAANR_FOURRAGE_2;2002;FR;METRO;NR52;44;Cultures développées;3.12.1.12;Prairies temporaires;Groupe d'indicateurs;070.02;Rendement matière sèche;67;OUI
SAANR_FOURRAGE_2;2002;FR;METRO;NR52;49;Cultures développées;3.12.1.12;Prairies temporaires;Groupe d'indicateurs;070.02;Rendement matière sèche;90;OUI
SAANR_FOURRAGE_2;2002;FR;METRO;NR52;53;Cultures développées;3.12.1.12;Prairies temporaires;Groupe d'indicateurs;070.02;Rendement matière sèche;85;OUI
SAANR_FOURRAGE_2;2002;FR;METRO;NR52;72;Cultures développées;3.12.1.12;Prairies temporaires;Groupe d'indicateurs;070.02;Rendement matière sèche;74;OUI
SAANR_FOURRAGE_2;2002;FR;METRO;NR52;85;Cultures développées;3.12.1.12;Prairies temporaires;Groupe d'indicateurs;070.02;Rendement matière sèche;115;OUI
SAANR_FOURRAGE_2;2002;FR;METRO;NR52;44;Cultures développées;3.12.2;Superficie toujours en herbe (STH);Groupe d'indicateurs;020.08;Production séche (volume);5152500;OUI
SAANR_FOURRAGE_2;2002;FR;METRO;NR52;49;Cultures développées;3.12.2;Superficie toujours en herbe (STH);Groupe d'indicateurs;020.08;Production séche (volume);7118794;OUI
SAANR_FOURRAGE_2;2002;FR;METRO;NR52;53;Cultures développées;3.12.2;Superficie toujours en herbe (STH);Groupe d'indicateurs;020.08;Production séche (volume);6775233;OUI
SAANR_FOURRAGE_2;2002;FR;METRO;NR52;72;Cultures développées;3.12.2;Superficie toujours en herbe (STH);Groupe d'indicateurs;020.08;Production séche (volume);6875950;OUI
SAANR_FOURRAGE_2;2002;FR;METRO;NR52;85;Cultures développées;3.12.2;Superficie toujours en herbe (STH);Groupe d'indicateurs;020.08;Production séche (volume);8167354;OUI
SAANR_FOURRAGE_2;2002;FR;METRO;NR52;44;Cultures développées;3.12.2;Superficie toujours en herbe (STH);Groupe d'indicateurs;050.07;Superficie concernée;130081;OUI
SAANR_FOURRAGE_2;2002;FR;METRO;NR52;49;Cultures développées;3.12.2;Superficie toujours en herbe (STH);Groupe d'indicateurs;050.07;Superficie concernée;117728;OUI
SAANR_FOURRAGE_2;2002;FR;METRO;NR52;53;Cultures développées;3.12.2;Superficie toujours en herbe (STH);Groupe d'indicateurs;050.07;Superficie concernée;100503;OUI
SAANR_FOURRAGE_2;2002;FR;METRO;NR52;72;Cultures développées;3.12.2;Superficie toujours en herbe (STH);Groupe d'indicateurs;050.07;Superficie concernée;139772;OUI
SAANR_FOURRAGE_2;2002;FR;METRO;NR52;85;Cultures développées;3.12.2;Superficie toujours en herbe (STH);Groupe d'indicateurs;050.07;Superficie concernée;107347;OUI
SAANR_FOURRAGE_2;2002;FR;METRO;NR52;44;Cultures développées;3.12.2;Superficie toujours en herbe (STH);Groupe d'indicateurs;070.02;Rendement matière sèche;39.6;OUI
SAANR_FOURRAGE_2;2002;FR;METRO;NR52;49;Cultures développées;3.12.2;Superficie toujours en herbe (STH);Groupe d'indicateurs;070.02;Rendement matière sèche;60.5;OUI
SAANR_FOURRAGE_2;2002;FR;METRO;NR52;53;Cultures développées;3.12.2;Superficie toujours en herbe (STH);Groupe d'indicateurs;070.02;Rendement matière sèche;67.4;OUI
SAANR_FOURRAGE_2;2002;FR;METRO;NR52;72;Cultures développées;3.12.2;Superficie toujours en herbe (STH);Groupe d'indicateurs;070.02;Rendement matière sèche;49.2;OUI
SAANR_FOURRAGE_2;2002;FR;METRO;NR52;85;Cultures développées;3.12.2;Superficie toujours en herbe (STH);Groupe d'indicateurs;070.02;Rendement matière sèche;76.1;OUI
SAANR_FOURRAGE_2;2002;FR;METRO;NR52;44;Cultures développées;3.12.2.11;Prairies naturelles ou semées depuis plus de 6 ans;Groupe d'indicateurs;020.08;Production séche (volume);4245516;OUI
SAANR_FOURRAGE_2;2002;FR;METRO;NR52;49;Cultures développées;3.12.2.11;Prairies naturelles ou semées depuis plus de 6 ans;Groupe d'indicateurs;020.08;Production séche (volume);5759919;OUI
SAANR_FOURRAGE_2;2002;FR;METRO;NR52;53;Cultures développées;3.12.2.11;Prairies naturelles ou semées depuis plus de 6 ans;Groupe d'indicateurs;020.08;Production séche (volume);6672714;OUI
SAANR_FOURRAGE_2;2002;FR;METRO;NR52;72;Cultures développées;3.12.2.11;Prairies naturelles ou semées depuis plus de 6 ans;Groupe d'indicateurs;020.08;Production séche (volume);5970564;OUI
SAANR_FOURRAGE_2;2002;FR;METRO;NR52;85;Cultures développées;3.12.2.11;Prairies naturelles ou semées depuis plus de 6 ans;Groupe d'indicateurs;020.08;Production séche (volume);7760890;OUI
SAANR_FOURRAGE_2;2002;FR;METRO;NR52;44;Cultures développées;3.12.2.11;Prairies naturelles ou semées depuis plus de 6 ans;Groupe d'indicateurs;050.07;Superficie concernée;96489;OUI
SAANR_FOURRAGE_2;2002;FR;METRO;NR52;49;Cultures développées;3.12.2.11;Prairies naturelles ou semées depuis plus de 6 ans;Groupe d'indicateurs;050.07;Superficie concernée;78903;OUI
SAANR_FOURRAGE_2;2002;FR;METRO;NR52;53;Cultures développées;3.12.2.11;Prairies naturelles ou semées depuis plus de 6 ans;Groupe d'indicateurs;050.07;Superficie concernée;96706;OUI
SAANR_FOURRAGE_2;2002;FR;METRO;NR52;72;Cultures développées;3.12.2.11;Prairies naturelles ou semées depuis plus de 6 ans;Groupe d'indicateurs;050.07;Superficie concernée;110566;OUI
SAANR_FOURRAGE_2;2002;FR;METRO;NR52;85;Cultures développées;3.12.2.11;Prairies naturelles ou semées depuis plus de 6 ans;Groupe d'indicateurs;050.07;Superficie concernée;94645;OUI
SAANR_FOURRAGE_2;2002;FR;METRO;NR52;44;Cultures développées;3.12.2.11;Prairies naturelles ou semées depuis plus de 6 ans;Groupe d'indicateurs;070.02;Rendement matière sèche;44;OUI
SAANR_FOURRAGE_2;2002;FR;METRO;NR52;49;Cultures développées;3.12.2.11;Prairies naturelles ou semées depuis plus de 6 ans;Groupe d'indicateurs;070.02;Rendement matière sèche;73;OUI
SAANR_FOURRAGE_2;2002;FR;METRO;NR52;53;Cultures développées;3.12.2.11;Prairies naturelles ou semées depuis plus de 6 ans;Groupe d'indicateurs;070.02;Rendement matière sèche;69;OUI
SAANR_FOURRAGE_2;2002;FR;METRO;NR52;72;Cultures développées;3.12.2.11;Prairies naturelles ou semées depuis plus de 6 ans;Groupe d'indicateurs;070.02;Rendement matière sèche;54;OUI
SAANR_FOURRAGE_2;2002;FR;METRO;NR52;85;Cultures développées;3.12.2.11;Prairies naturelles ou semées depuis plus de 6 ans;Groupe d'indicateurs;070.02;Rendement matière sèche;82;OUI
SAANR_FOURRAGE_2;2002;FR;METRO;NR52;44;Cultures développées;3.12.2.12;STH (Superficies toujours en herbe) peu productives (pâturages pauvres);Groupe d'indicateurs;020.08;Production séche (volume);906984;OUI
SAANR_FOURRAGE_2;2002;FR;METRO;NR52;49;Cultures développées;3.12.2.12;STH (Superficies toujours en herbe) peu productives (pâturages pauvres);Groupe d'indicateurs;020.08;Production séche (volume);1358875;OUI
SAANR_FOURRAGE_2;2002;FR;METRO;NR52;53;Cultures développées;3.12.2.12;STH (Superficies toujours en herbe) peu productives (pâturages pauvres);Groupe d'indicateurs;020.08;Production séche (volume);102519;OUI
SAANR_FOURRAGE_2;2002;FR;METRO;NR52;72;Cultures développées;3.12.2.12;STH (Superficies toujours en herbe) peu productives (pâturages pauvres);Groupe d'indicateurs;020.08;Production séche (volume);905386;OUI
SAANR_FOURRAGE_2;2002;FR;METRO;NR52;85;Cultures développées;3.12.2.12;STH (Superficies toujours en herbe) peu productives (pâturages pauvres);Groupe d'indicateurs;020.08;Production séche (volume);406464;OUI
SAANR_FOURRAGE_2;2002;FR;METRO;NR52;44;Cultures développées;3.12.2.12;STH (Superficies toujours en herbe) peu productives (pâturages pauvres);Groupe d'indicateurs;050.07;Superficie concernée;33592;OUI
SAANR_FOURRAGE_2;2002;FR;METRO;NR52;49;Cultures développées;3.12.2.12;STH (Superficies toujours en herbe) peu productives (pâturages pauvres);Groupe d'indicateurs;050.07;Superficie concernée;38825;OUI
SAANR_FOURRAGE_2;2002;FR;METRO;NR52;53;Cultures développées;3.12.2.12;STH (Superficies toujours en herbe) peu productives (pâturages pauvres);Groupe d'indicateurs;050.07;Superficie concernée;3797;OUI
SAANR_FOURRAGE_2;2002;FR;METRO;NR52;72;Cultures développées;3.12.2.12;STH (Superficies toujours en herbe) peu productives (pâturages pauvres);Groupe d'indicateurs;050.07;Superficie concernée;29206;OUI
SAANR_FOURRAGE_2;2002;FR;METRO;NR52;85;Cultures développées;3.12.2.12;STH (Superficies toujours en herbe) peu productives (pâturages pauvres);Groupe d'indicateurs;050.07;Superficie concernée;12702;OUI
SAANR_FOURRAGE_2;2002;FR;METRO;NR52;44;Cultures développées;3.12.2.12;STH (Superficies toujours en herbe) peu productives (pâturages pauvres);Groupe d'indicateurs;070.02;Rendement matière sèche;27;OUI
SAANR_FOURRAGE_2;2002;FR;METRO;NR52;49;Cultures développées;3.12.2.12;STH (Superficies toujours en herbe) peu productives (pâturages pauvres);Groupe d'indicateurs;070.02;Rendement matière sèche;35;OUI
SAANR_FOURRAGE_2;2002;FR;METRO;NR52;53;Cultures développées;3.12.2.12;STH (Superficies toujours en herbe) peu productives (pâturages pauvres);Groupe d'indicateurs;070.02;Rendement matière sèche;27;OUI
SAANR_FOURRAGE_2;2002;FR;METRO;NR52;72;Cultures développées;3.12.2.12;STH (Superficies toujours en herbe) peu productives (pâturages pauvres);Groupe d'indicateurs;070.02;Rendement matière sèche;31;OUI
SAANR_FOURRAGE_2;2002;FR;METRO;NR52;85;Cultures développées;3.12.2.12;STH (Superficies toujours en herbe) peu productives (pâturages pauvres);Groupe d'indicateurs;070.02;Rendement matière sèche;32;OUI
SAANR_FOURRAGE_2;2002;FR;METRO;NR53;22;Cultures développées;3;Fourrages annuels, prairies non permanentes et STH;Groupe d'indicateurs;020.08;Production séche (volume);22724531;OUI
SAANR_FOURRAGE_2;2002;FR;METRO;NR53;29;Cultures développées;3;Fourrages annuels, prairies non permanentes et STH;Groupe d'indicateurs;020.08;Production séche (volume);23983881;OUI
SAANR_FOURRAGE_2;2002;FR;METRO;NR53;35;Cultures développées;3;Fourrages annuels, prairies non permanentes et STH;Groupe d'indicateurs;020.08;Production séche (volume);28669303;OUI
SAANR_FOURRAGE_2;2002;FR;METRO;NR53;56;Cultures développées;3;Fourrages annuels, prairies non permanentes et STH;Groupe d'indicateurs;020.08;Production séche (volume);19667695;OUI
SAANR_FOURRAGE_2;2002;FR;METRO;NR53;22;Cultures développées;3;Fourrages annuels, prairies non permanentes et STH;Groupe d'indicateurs;050.07;Superficie concernée;256391;OUI
SAANR_FOURRAGE_2;2002;FR;METRO;NR53;29;Cultures développées;3;Fourrages annuels, prairies non permanentes et STH;Groupe d'indicateurs;050.07;Superficie concernée;263495;OUI
SAANR_FOURRAGE_2;2002;FR;METRO;NR53;35;Cultures développées;3;Fourrages annuels, prairies non permanentes et STH;Groupe d'indicateurs;050.07;Superficie concernée;365324;OUI
SAANR_FOURRAGE_2;2002;FR;METRO;NR53;56;Cultures développées;3;Fourrages annuels, prairies non permanentes et STH;Groupe d'indicateurs;050.07;Superficie concernée;224181;OUI
SAANR_FOURRAGE_2;2002;FR;METRO;NR53;22;Cultures développées;3;Fourrages annuels, prairies non permanentes et STH;Groupe d'indicateurs;070.02;Rendement matière sèche;;OUI
SAANR_FOURRAGE_2;2002;FR;METRO;NR53;29;Cultures développées;3;Fourrages annuels, prairies non permanentes et STH;Groupe d'indicateurs;070.02;Rendement matière sèche;;OUI
SAANR_FOURRAGE_2;2002;FR;METRO;NR53;35;Cultures développées;3;Fourrages annuels, prairies non permanentes et STH;Groupe d'indicateurs;070.02;Rendement matière sèche;;OUI
SAANR_FOURRAGE_2;2002;FR;METRO;NR53;56;Cultures développées;3;Fourrages annuels, prairies non permanentes et STH;Groupe d'indicateurs;070.02;Rendement matière sèche;;OUI
SAANR_FOURRAGE_2;2002;FR;METRO;NR53;22;Cultures développées;3.11;Fourrages annuels;Groupe d'indicateurs;020.08;Production séche (volume);10347608;OUI
SAANR_FOURRAGE_2;2002;FR;METRO;NR53;29;Cultures développées;3.11;Fourrages annuels;Groupe d'indicateurs;020.08;Production séche (volume);10185201;OUI
SAANR_FOURRAGE_2;2002;FR;METRO;NR53;35;Cultures développées;3.11;Fourrages annuels;Groupe d'indicateurs;020.08;Production séche (volume);14326510;OUI
SAANR_FOURRAGE_2;2002;FR;METRO;NR53;56;Cultures développées;3.11;Fourrages annuels;Groupe d'indicateurs;020.08;Production séche (volume);8099200;OUI
SAANR_FOURRAGE_2;2002;FR;METRO;NR53;22;Cultures développées;3.11;Fourrages annuels;Groupe d'indicateurs;050.07;Superficie concernée;89464;OUI
SAANR_FOURRAGE_2;2002;FR;METRO;NR53;29;Cultures développées;3.11;Fourrages annuels;Groupe d'indicateurs;050.07;Superficie concernée;102391;OUI
SAANR_FOURRAGE_2;2002;FR;METRO;NR53;35;Cultures développées;3.11;Fourrages annuels;Groupe d'indicateurs;050.07;Superficie concernée;162327;OUI
SAANR_FOURRAGE_2;2002;FR;METRO;NR53;56;Cultures développées;3.11;Fourrages annuels;Groupe d'indicateurs;050.07;Superficie concernée;66290;OUI
SAANR_FOURRAGE_2;2002;FR;METRO;NR53;22;Cultures développées;3.11;Fourrages annuels;Groupe d'indicateurs;070.02;Rendement matière sèche;;OUI
SAANR_FOURRAGE_2;2002;FR;METRO;NR53;29;Cultures développées;3.11;Fourrages annuels;Groupe d'indicateurs;070.02;Rendement matière sèche;;OUI
SAANR_FOURRAGE_2;2002;FR;METRO;NR53;35;Cultures développées;3.11;Fourrages annuels;Groupe d'indicateurs;070.02;Rendement matière sèche;;OUI
SAANR_FOURRAGE_2;2002;FR;METRO;NR53;56;Cultures développées;3.11;Fourrages annuels;Groupe d'indicateurs;070.02;Rendement matière sèche;;OUI
SAANR_FOURRAGE_2;2002;FR;METRO;NR53;22;Cultures développées;3.11.1;Maïs fourrage et ensilage (plante entière);Groupe d'indicateurs;020.08;Production séche (volume);9633608;OUI
SAANR_FOURRAGE_2;2002;FR;METRO;NR53;29;Cultures développées;3.11.1;Maïs fourrage et ensilage (plante entière);Groupe d'indicateurs;020.08;Production séche (volume);8246301;OUI
SAANR_FOURRAGE_2;2002;FR;METRO;NR53;35;Cultures développées;3.11.1;Maïs fourrage et ensilage (plante entière);Groupe d'indicateurs;020.08;Production séche (volume);11092510;OUI
SAANR_FOURRAGE_2;2002;FR;METRO;NR53;56;Cultures développées;3.11.1;Maïs fourrage et ensilage (plante entière);Groupe d'indicateurs;020.08;Production séche (volume);7512700;OUI
SAANR_FOURRAGE_2;2002;FR;METRO;NR53;22;Cultures développées;3.11.1;Maïs fourrage et ensilage (plante entière);Groupe d'indicateurs;050.07;Superficie concernée;78964;OUI
SAANR_FOURRAGE_2;2002;FR;METRO;NR53;29;Cultures développées;3.11.1;Maïs fourrage et ensilage (plante entière);Groupe d'indicateurs;050.07;Superficie concernée;74291;OUI
SAANR_FOURRAGE_2;2002;FR;METRO;NR53;35;Cultures développées;3.11.1;Maïs fourrage et ensilage (plante entière);Groupe d'indicateurs;050.07;Superficie concernée;85327;OUI
SAANR_FOURRAGE_2;2002;FR;METRO;NR53;56;Cultures développées;3.11.1;Maïs fourrage et ensilage (plante entière);Groupe d'indicateurs;050.07;Superficie concernée;57790;OUI
SAANR_FOURRAGE_2;2002;FR;METRO;NR53;22;Cultures développées;3.11.1;Maïs fourrage et ensilage (plante entière);Groupe d'indicateurs;070.02;Rendement matière sèche;122;OUI
SAANR_FOURRAGE_2;2002;FR;METRO;NR53;29;Cultures développées;3.11.1;Maïs fourrage et ensilage (plante entière);Groupe d'indicateurs;070.02;Rendement matière sèche;111;OUI
SAANR_FOURRAGE_2;2002;FR;METRO;NR53;35;Cultures développées;3.11.1;Maïs fourrage et ensilage (plante entière);Groupe d'indicateurs;070.02;Rendement matière sèche;130;OUI
SAANR_FOURRAGE_2;2002;FR;METRO;NR53;56;Cultures développées;3.11.1;Maïs fourrage et ensilage (plante entière);Groupe d'indicateurs;070.02;Rendement matière sèche;130;OUI
SAANR_FOURRAGE_2;2002;FR;METRO;NR53;22;Cultures développées;3.11.1.12;Maïs fourrage et ensilage (plante entière) non irrigué;Groupe d'indicateurs;020.08;Production séche (volume);9633608;OUI
SAANR_FOURRAGE_2;2002;FR;METRO;NR53;29;Cultures développées;3.11.1.12;Maïs fourrage et ensilage (plante entière) non irrigué;Groupe d'indicateurs;020.08;Production séche (volume);8246301;OUI
SAANR_FOURRAGE_2;2002;FR;METRO;NR53;35;Cultures développées;3.11.1.12;Maïs fourrage et ensilage (plante entière) non irrigué;Groupe d'indicateurs;020.08;Production séche (volume);11092510;OUI
SAANR_FOURRAGE_2;2002;FR;METRO;NR53;56;Cultures développées;3.11.1.12;Maïs fourrage et ensilage (plante entière) non irrigué;Groupe d'indicateurs;020.08;Production séche (volume);7512700;OUI
SAANR_FOURRAGE_2;2002;FR;METRO;NR53;22;Cultures développées;3.11.1.12;Maïs fourrage et ensilage (plante entière) non irrigué;Groupe d'indicateurs;050.07;Superficie concernée;78964;OUI
SAANR_FOURRAGE_2;2002;FR;METRO;NR53;29;Cultures développées;3.11.1.12;Maïs fourrage et ensilage (plante entière) non irrigué;Groupe d'indicateurs;050.07;Superficie concernée;74291;OUI
SAANR_FOURRAGE_2;2002;FR;METRO;NR53;35;Cultures développées;3.11.1.12;Maïs fourrage et ensilage (plante entière) non irrigué;Groupe d'indicateurs;050.07;Superficie concernée;85327;OUI
SAANR_FOURRAGE_2;2002;FR;METRO;NR53;56;Cultures développées;3.11.1.12;Maïs fourrage et ensilage (plante entière) non irrigué;Groupe d'indicateurs;050.07;Superficie concernée;57790;OUI
SAANR_FOURRAGE_2;2002;FR;METRO;NR53;22;Cultures développées;3.11.1.12;Maïs fourrage et ensilage (plante entière) non irrigué;Groupe d'indicateurs;070.02;Rendement matière sèche;122;OUI
SAANR_FOURRAGE_2;2002;FR;METRO;NR53;29;Cultures développées;3.11.1.12;Maïs fourrage et ensilage (plante entière) non irrigué;Groupe d'indicateurs;070.02;Rendement matière sèche;111;OUI
SAANR_FOURRAGE_2;2002;FR;METRO;NR53;35;Cultures développées;3.11.1.12;Maïs fourrage et ensilage (plante entière) non irrigué;Groupe d'indicateurs;070.02;Rendement matière sèche;130;OUI
SAANR_FOURRAGE_2;2002;FR;METRO;NR53;56;Cultures développées;3.11.1.12;Maïs fourrage et ensilage (plante entière) non irrigué;Groupe d'indicateurs;070.02;Rendement matière sèche;130;OUI
SAANR_FOURRAGE_2;2002;FR;METRO;NR53;22;Cultures développées;3.11.9;Autres fourrages annuels, n.c.a.;Groupe d'indicateurs;020.08;Production séche (volume);714000;OUI
SAANR_FOURRAGE_2;2002;FR;METRO;NR53;29;Cultures développées;3.11.9;Autres fourrages annuels, n.c.a.;Groupe d'indicateurs;020.08;Production séche (volume);1938900;OUI
SAANR_FOURRAGE_2;2002;FR;METRO;NR53;35;Cultures développées;3.11.9;Autres fourrages annuels, n.c.a.;Groupe d'indicateurs;020.08;Production séche (volume);3234000;OUI
SAANR_FOURRAGE_2;2002;FR;METRO;NR53;56;Cultures développées;3.11.9;Autres fourrages annuels, n.c.a.;Groupe d'indicateurs;020.08;Production séche (volume);586500;OUI
SAANR_FOURRAGE_2;2002;FR;METRO;NR53;22;Cultures développées;3.11.9;Autres fourrages annuels, n.c.a.;Groupe d'indicateurs;050.07;Superficie concernée;10500;OUI
SAANR_FOURRAGE_2;2002;FR;METRO;NR53;29;Cultures développées;3.11.9;Autres fourrages annuels, n.c.a.;Groupe d'indicateurs;050.07;Superficie concernée;28100;OUI
SAANR_FOURRAGE_2;2002;FR;METRO;NR53;35;Cultures développées;3.11.9;Autres fourrages annuels, n.c.a.;Groupe d'indicateurs;050.07;Superficie concernée;77000;OUI
SAANR_FOURRAGE_2;2002;FR;METRO;NR53;56;Cultures développées;3.11.9;Autres fourrages annuels, n.c.a.;Groupe d'indicateurs;050.07;Superficie concernée;8500;OUI
SAANR_FOURRAGE_2;2002;FR;METRO;NR53;22;Cultures développées;3.12;Prairies non permanentes et STH;Groupe d'indicateurs;020.08;Production séche (volume);12376923;OUI
SAANR_FOURRAGE_2;2002;FR;METRO;NR53;29;Cultures développées;3.12;Prairies non permanentes et STH;Groupe d'indicateurs;020.08;Production séche (volume);13798680;OUI
SAANR_FOURRAGE_2;2002;FR;METRO;NR53;35;Cultures développées;3.12;Prairies non permanentes et STH;Groupe d'indicateurs;020.08;Production séche (volume);14342793;OUI
SAANR_FOURRAGE_2;2002;FR;METRO;NR53;56;Cultures développées;3.12;Prairies non permanentes et STH;Groupe d'indicateurs;020.08;Production séche (volume);11568495;OUI
SAANR_FOURRAGE_2;2002;FR;METRO;NR53;22;Cultures développées;3.12;Prairies non permanentes et STH;Groupe d'indicateurs;050.07;Superficie concernée;166927;OUI
SAANR_FOURRAGE_2;2002;FR;METRO;NR53;29;Cultures développées;3.12;Prairies non permanentes et STH;Groupe d'indicateurs;050.07;Superficie concernée;161104;OUI
SAANR_FOURRAGE_2;2002;FR;METRO;NR53;35;Cultures développées;3.12;Prairies non permanentes et STH;Groupe d'indicateurs;050.07;Superficie concernée;202997;OUI
SAANR_FOURRAGE_2;2002;FR;METRO;NR53;56;Cultures développées;3.12;Prairies non permanentes et STH;Groupe d'indicateurs;050.07;Superficie concernée;157891;OUI
SAANR_FOURRAGE_2;2002;FR;METRO;NR53;22;Cultures développées;3.12;Prairies non permanentes et STH;Groupe d'indicateurs;070.02;Rendement matière sèche;74.1;OUI
SAANR_FOURRAGE_2;2002;FR;METRO;NR53;29;Cultures développées;3.12;Prairies non permanentes et STH;Groupe d'indicateurs;070.02;Rendement matière sèche;85.7;OUI
SAANR_FOURRAGE_2;2002;FR;METRO;NR53;35;Cultures développées;3.12;Prairies non permanentes et STH;Groupe d'indicateurs;070.02;Rendement matière sèche;70.7;OUI
SAANR_FOURRAGE_2;2002;FR;METRO;NR53;56;Cultures développées;3.12;Prairies non permanentes et STH;Groupe d'indicateurs;070.02;Rendement matière sèche;73.3;OUI
SAANR_FOURRAGE_2;2002;FR;METRO;NR53;22;Cultures développées;3.12.1;Prairies non permanentes;Groupe d'indicateurs;020.08;Production séche (volume);10314184;OUI
SAANR_FOURRAGE_2;2002;FR;METRO;NR53;29;Cultures développées;3.12.1;Prairies non permanentes;Groupe d'indicateurs;020.08;Production séche (volume);10668543;OUI
SAANR_FOURRAGE_2;2002;FR;METRO;NR53;35;Cultures développées;3.12.1;Prairies non permanentes;Groupe d'indicateurs;020.08;Production séche (volume);11419844;OUI
SAANR_FOURRAGE_2;2002;FR;METRO;NR53;56;Cultures développées;3.12.1;Prairies non permanentes;Groupe d'indicateurs;020.08;Production séche (volume);9484657;OUI
SAANR_FOURRAGE_2;2002;FR;METRO;NR53;22;Cultures développées;3.12.1;Prairies non permanentes;Groupe d'indicateurs;050.07;Superficie concernée;125620;OUI
SAANR_FOURRAGE_2;2002;FR;METRO;NR53;29;Cultures développées;3.12.1;Prairies non permanentes;Groupe d'indicateurs;050.07;Superficie concernée;104529;OUI
SAANR_FOURRAGE_2;2002;FR;METRO;NR53;35;Cultures développées;3.12.1;Prairies non permanentes;Groupe d'indicateurs;050.07;Superficie concernée;139055;OUI
SAANR_FOURRAGE_2;2002;FR;METRO;NR53;56;Cultures développées;3.12.1;Prairies non permanentes;Groupe d'indicateurs;050.07;Superficie concernée;111370;OUI
SAANR_FOURRAGE_2;2002;FR;METRO;NR53;22;Cultures développées;3.12.1;Prairies non permanentes;Groupe d'indicateurs;070.02;Rendement matière sèche;82.1;OUI
SAANR_FOURRAGE_2;2002;FR;METRO;NR53;29;Cultures développées;3.12.1;Prairies non permanentes;Groupe d'indicateurs;070.02;Rendement matière sèche;102.1;OUI
SAANR_FOURRAGE_2;2002;FR;METRO;NR53;35;Cultures développées;3.12.1;Prairies non permanentes;Groupe d'indicateurs;070.02;Rendement matière sèche;82.1;OUI
SAANR_FOURRAGE_2;2002;FR;METRO;NR53;56;Cultures développées;3.12.1;Prairies non permanentes;Groupe d'indicateurs;070.02;Rendement matière sèche;85.2;OUI
SAANR_FOURRAGE_2;2002;FR;METRO;NR53;22;Cultures développées;3.12.1.11;Prairie artificielle (luzerne, trèfle violet, ...);Groupe d'indicateurs;020.08;Production séche (volume);150120;OUI
SAANR_FOURRAGE_2;2002;FR;METRO;NR53;29;Cultures développées;3.12.1.11;Prairie artificielle (luzerne, trèfle violet, ...);Groupe d'indicateurs;020.08;Production séche (volume);140919;OUI
SAANR_FOURRAGE_2;2002;FR;METRO;NR53;35;Cultures développées;3.12.1.11;Prairie artificielle (luzerne, trèfle violet, ...);Groupe d'indicateurs;020.08;Production séche (volume);175266;OUI
SAANR_FOURRAGE_2;2002;FR;METRO;NR53;56;Cultures développées;3.12.1.11;Prairie artificielle (luzerne, trèfle violet, ...);Groupe d'indicateurs;020.08;Production séche (volume);109242;OUI
SAANR_FOURRAGE_2;2002;FR;METRO;NR53;22;Cultures développées;3.12.1.11;Prairie artificielle (luzerne, trèfle violet, ...);Groupe d'indicateurs;050.07;Superficie concernée;1668;OUI
SAANR_FOURRAGE_2;2002;FR;METRO;NR53;29;Cultures développées;3.12.1.11;Prairie artificielle (luzerne, trèfle violet, ...);Groupe d'indicateurs;050.07;Superficie concernée;1317;OUI
SAANR_FOURRAGE_2;2002;FR;METRO;NR53;35;Cultures développées;3.12.1.11;Prairie artificielle (luzerne, trèfle violet, ...);Groupe d'indicateurs;050.07;Superficie concernée;1926;OUI
SAANR_FOURRAGE_2;2002;FR;METRO;NR53;56;Cultures développées;3.12.1.11;Prairie artificielle (luzerne, trèfle violet, ...);Groupe d'indicateurs;050.07;Superficie concernée;1071;OUI
SAANR_FOURRAGE_2;2002;FR;METRO;NR53;22;Cultures développées;3.12.1.11;Prairie artificielle (luzerne, trèfle violet, ...);Groupe d'indicateurs;070.02;Rendement matière sèche;90;OUI
SAANR_FOURRAGE_2;2002;FR;METRO;NR53;29;Cultures développées;3.12.1.11;Prairie artificielle (luzerne, trèfle violet, ...);Groupe d'indicateurs;070.02;Rendement matière sèche;107;OUI
SAANR_FOURRAGE_2;2002;FR;METRO;NR53;35;Cultures développées;3.12.1.11;Prairie artificielle (luzerne, trèfle violet, ...);Groupe d'indicateurs;070.02;Rendement matière sèche;91;OUI
SAANR_FOURRAGE_2;2002;FR;METRO;NR53;56;Cultures développées;3.12.1.11;Prairie artificielle (luzerne, trèfle violet, ...);Groupe d'indicateurs;070.02;Rendement matière sèche;102;OUI
SAANR_FOURRAGE_2;2002;FR;METRO;NR53;22;Cultures développées;3.12.1.11.2;Autres prairies artificielles;Groupe d'indicateurs;020.08;Production séche (volume);150120;OUI
SAANR_FOURRAGE_2;2002;FR;METRO;NR53;29;Cultures développées;3.12.1.11.2;Autres prairies artificielles;Groupe d'indicateurs;020.08;Production séche (volume);140919;OUI
SAANR_FOURRAGE_2;2002;FR;METRO;NR53;35;Cultures développées;3.12.1.11.2;Autres prairies artificielles;Groupe d'indicateurs;020.08;Production séche (volume);175266;OUI
SAANR_FOURRAGE_2;2002;FR;METRO;NR53;56;Cultures développées;3.12.1.11.2;Autres prairies artificielles;Groupe d'indicateurs;020.08;Production séche (volume);109242;OUI
SAANR_FOURRAGE_2;2002;FR;METRO;NR53;22;Cultures développées;3.12.1.11.2;Autres prairies artificielles;Groupe d'indicateurs;050.07;Superficie concernée;1668;OUI
SAANR_FOURRAGE_2;2002;FR;METRO;NR53;29;Cultures développées;3.12.1.11.2;Autres prairies artificielles;Groupe d'indicateurs;050.07;Superficie concernée;1317;OUI
SAANR_FOURRAGE_2;2002;FR;METRO;NR53;35;Cultures développées;3.12.1.11.2;Autres prairies artificielles;Groupe d'indicateurs;050.07;Superficie concernée;1926;OUI
SAANR_FOURRAGE_2;2002;FR;METRO;NR53;56;Cultures développées;3.12.1.11.2;Autres prairies artificielles;Groupe d'indicateurs;050.07;Superficie concernée;1071;OUI
SAANR_FOURRAGE_2;2002;FR;METRO;NR53;22;Cultures développées;3.12.1.11.2;Autres prairies artificielles;Groupe d'indicateurs;070.02;Rendement matière sèche;90;OUI
SAANR_FOURRAGE_2;2002;FR;METRO;NR53;29;Cultures développées;3.12.1.11.2;Autres prairies artificielles;Groupe d'indicateurs;070.02;Rendement matière sèche;107;OUI
SAANR_FOURRAGE_2;2002;FR;METRO;NR53;35;Cultures développées;3.12.1.11.2;Autres prairies artificielles;Groupe d'indicateurs;070.02;Rendement matière sèche;91;OUI
SAANR_FOURRAGE_2;2002;FR;METRO;NR53;56;Cultures développées;3.12.1.11.2;Autres prairies artificielles;Groupe d'indicateurs;070.02;Rendement matière sèche;102;OUI
SAANR_FOURRAGE_2;2002;FR;METRO;NR53;22;Cultures développées;3.12.1.12;Prairies temporaires;Groupe d'indicateurs;020.08;Production séche (volume);10164064;OUI
SAANR_FOURRAGE_2;2002;FR;METRO;NR53;29;Cultures développées;3.12.1.12;Prairies temporaires;Groupe d'indicateurs;020.08;Production séche (volume);10527624;OUI
SAANR_FOURRAGE_2;2002;FR;METRO;NR53;35;Cultures développées;3.12.1.12;Prairies temporaires;Groupe d'indicateurs;020.08;Production séche (volume);11244578;OUI
SAANR_FOURRAGE_2;2002;FR;METRO;NR53;56;Cultures développées;3.12.1.12;Prairies temporaires;Groupe d'indicateurs;020.08;Production séche (volume);9375415;OUI
SAANR_FOURRAGE_2;2002;FR;METRO;NR53;22;Cultures développées;3.12.1.12;Prairies temporaires;Groupe d'indicateurs;050.07;Superficie concernée;123952;OUI
SAANR_FOURRAGE_2;2002;FR;METRO;NR53;29;Cultures développées;3.12.1.12;Prairies temporaires;Groupe d'indicateurs;050.07;Superficie concernée;103212;OUI
SAANR_FOURRAGE_2;2002;FR;METRO;NR53;35;Cultures développées;3.12.1.12;Prairies temporaires;Groupe d'indicateurs;050.07;Superficie concernée;137129;OUI
SAANR_FOURRAGE_2;2002;FR;METRO;NR53;56;Cultures développées;3.12.1.12;Prairies temporaires;Groupe d'indicateurs;050.07;Superficie concernée;110299;OUI
SAANR_FOURRAGE_2;2002;FR;METRO;NR53;22;Cultures développées;3.12.1.12;Prairies temporaires;Groupe d'indicateurs;070.02;Rendement matière sèche;82;OUI
SAANR_FOURRAGE_2;2002;FR;METRO;NR53;29;Cultures développées;3.12.1.12;Prairies temporaires;Groupe d'indicateurs;070.02;Rendement matière sèche;102;OUI
SAANR_FOURRAGE_2;2002;FR;METRO;NR53;35;Cultures développées;3.12.1.12;Prairies temporaires;Groupe d'indicateurs;070.02;Rendement matière sèche;82;OUI
SAANR_FOURRAGE_2;2002;FR;METRO;NR53;56;Cultures développées;3.12.1.12;Prairies temporaires;Groupe d'indicateurs;070.02;Rendement matière sèche;85;OUI
SAANR_FOURRAGE_2;2002;FR;METRO;NR53;22;Cultures développées;3.12.2;Superficie toujours en herbe (STH);Groupe d'indicateurs;020.08;Production séche (volume);2062739;OUI
SAANR_FOURRAGE_2;2002;FR;METRO;NR53;29;Cultures développées;3.12.2;Superficie toujours en herbe (STH);Groupe d'indicateurs;020.08;Production séche (volume);3130137;OUI
SAANR_FOURRAGE_2;2002;FR;METRO;NR53;35;Cultures développées;3.12.2;Superficie toujours en herbe (STH);Groupe d'indicateurs;020.08;Production séche (volume);2922949;OUI
SAANR_FOURRAGE_2;2002;FR;METRO;NR53;56;Cultures développées;3.12.2;Superficie toujours en herbe (STH);Groupe d'indicateurs;020.08;Production séche (volume);2083838;OUI
SAANR_FOURRAGE_2;2002;FR;METRO;NR53;22;Cultures développées;3.12.2;Superficie toujours en herbe (STH);Groupe d'indicateurs;050.07;Superficie concernée;41307;OUI
SAANR_FOURRAGE_2;2002;FR;METRO;NR53;29;Cultures développées;3.12.2;Superficie toujours en herbe (STH);Groupe d'indicateurs;050.07;Superficie concernée;56575;OUI
SAANR_FOURRAGE_2;2002;FR;METRO;NR53;35;Cultures développées;3.12.2;Superficie toujours en herbe (STH);Groupe d'indicateurs;050.07;Superficie concernée;63942;OUI
SAANR_FOURRAGE_2;2002;FR;METRO;NR53;56;Cultures développées;3.12.2;Superficie toujours en herbe (STH);Groupe d'indicateurs;050.07;Superficie concernée;46521;OUI
SAANR_FOURRAGE_2;2002;FR;METRO;NR53;22;Cultures développées;3.12.2;Superficie toujours en herbe (STH);Groupe d'indicateurs;070.02;Rendement matière sèche;49.9;OUI
SAANR_FOURRAGE_2;2002;FR;METRO;NR53;29;Cultures développées;3.12.2;Superficie toujours en herbe (STH);Groupe d'indicateurs;070.02;Rendement matière sèche;55.3;OUI
SAANR_FOURRAGE_2;2002;FR;METRO;NR53;35;Cultures développées;3.12.2;Superficie toujours en herbe (STH);Groupe d'indicateurs;070.02;Rendement matière sèche;45.7;OUI
SAANR_FOURRAGE_2;2002;FR;METRO;NR53;56;Cultures développées;3.12.2;Superficie toujours en herbe (STH);Groupe d'indicateurs;070.02;Rendement matière sèche;44.8;OUI
SAANR_FOURRAGE_2;2002;FR;METRO;NR53;22;Cultures développées;3.12.2.11;Prairies naturelles ou semées depuis plus de 6 ans;Groupe d'indicateurs;020.08;Production séche (volume);1949764;OUI
SAANR_FOURRAGE_2;2002;FR;METRO;NR53;29;Cultures développées;3.12.2.11;Prairies naturelles ou semées depuis plus de 6 ans;Groupe d'indicateurs;020.08;Production séche (volume);2921961;OUI
SAANR_FOURRAGE_2;2002;FR;METRO;NR53;35;Cultures développées;3.12.2.11;Prairies naturelles ou semées depuis plus de 6 ans;Groupe d'indicateurs;020.08;Production séche (volume);2900699;OUI
SAANR_FOURRAGE_2;2002;FR;METRO;NR53;56;Cultures développées;3.12.2.11;Prairies naturelles ou semées depuis plus de 6 ans;Groupe d'indicateurs;020.08;Production séche (volume);2007350;OUI
SAANR_FOURRAGE_2;2002;FR;METRO;NR53;22;Cultures développées;3.12.2.11;Prairies naturelles ou semées depuis plus de 6 ans;Groupe d'indicateurs;050.07;Superficie concernée;36788;OUI
SAANR_FOURRAGE_2;2002;FR;METRO;NR53;29;Cultures développées;3.12.2.11;Prairies naturelles ou semées depuis plus de 6 ans;Groupe d'indicateurs;050.07;Superficie concernée;47901;OUI
SAANR_FOURRAGE_2;2002;FR;METRO;NR53;35;Cultures développées;3.12.2.11;Prairies naturelles ou semées depuis plus de 6 ans;Groupe d'indicateurs;050.07;Superficie concernée;61717;OUI
SAANR_FOURRAGE_2;2002;FR;METRO;NR53;56;Cultures développées;3.12.2.11;Prairies naturelles ou semées depuis plus de 6 ans;Groupe d'indicateurs;050.07;Superficie concernée;40147;OUI
SAANR_FOURRAGE_2;2002;FR;METRO;NR53;22;Cultures développées;3.12.2.11;Prairies naturelles ou semées depuis plus de 6 ans;Groupe d'indicateurs;070.02;Rendement matière sèche;53;OUI
SAANR_FOURRAGE_2;2002;FR;METRO;NR53;29;Cultures développées;3.12.2.11;Prairies naturelles ou semées depuis plus de 6 ans;Groupe d'indicateurs;070.02;Rendement matière sèche;61;OUI
SAANR_FOURRAGE_2;2002;FR;METRO;NR53;35;Cultures développées;3.12.2.11;Prairies naturelles ou semées depuis plus de 6 ans;Groupe d'indicateurs;070.02;Rendement matière sèche;47;OUI
SAANR_FOURRAGE_2;2002;FR;METRO;NR53;56;Cultures développées;3.12.2.11;Prairies naturelles ou semées depuis plus de 6 ans;Groupe d'indicateurs;070.02;Rendement matière sèche;50;OUI
SAANR_FOURRAGE_2;2002;FR;METRO;NR53;22;Cultures développées;3.12.2.12;STH (Superficies toujours en herbe) peu productives (pâturages pauvres);Groupe d'indicateurs;020.08;Production séche (volume);112975;OUI
SAANR_FOURRAGE_2;2002;FR;METRO;NR53;29;Cultures développées;3.12.2.12;STH (Superficies toujours en herbe) peu productives (pâturages pauvres);Groupe d'indicateurs;020.08;Production séche (volume);208176;OUI
SAANR_FOURRAGE_2;2002;FR;METRO;NR53;35;Cultures développées;3.12.2.12;STH (Superficies toujours en herbe) peu productives (pâturages pauvres);Groupe d'indicateurs;020.08;Production séche (volume);22250;OUI
SAANR_FOURRAGE_2;2002;FR;METRO;NR53;56;Cultures développées;3.12.2.12;STH (Superficies toujours en herbe) peu productives (pâturages pauvres);Groupe d'indicateurs;020.08;Production séche (volume);76488;OUI
SAANR_FOURRAGE_2;2002;FR;METRO;NR53;22;Cultures développées;3.12.2.12;STH (Superficies toujours en herbe) peu productives (pâturages pauvres);Groupe d'indicateurs;050.07;Superficie concernée;4519;OUI
SAANR_FOURRAGE_2;2002;FR;METRO;NR53;29;Cultures développées;3.12.2.12;STH (Superficies toujours en herbe) peu productives (pâturages pauvres);Groupe d'indicateurs;050.07;Superficie concernée;8674;OUI
SAANR_FOURRAGE_2;2002;FR;METRO;NR53;35;Cultures développées;3.12.2.12;STH (Superficies toujours en herbe) peu productives (pâturages pauvres);Groupe d'indicateurs;050.07;Superficie concernée;2225;OUI
SAANR_FOURRAGE_2;2002;FR;METRO;NR53;56;Cultures développées;3.12.2.12;STH (Superficies toujours en herbe) peu productives (pâturages pauvres);Groupe d'indicateurs;050.07;Superficie concernée;6374;OUI
SAANR_FOURRAGE_2;2002;FR;METRO;NR53;22;Cultures développées;3.12.2.12;STH (Superficies toujours en herbe) peu productives (pâturages pauvres);Groupe d'indicateurs;070.02;Rendement matière sèche;25;OUI
SAANR_FOURRAGE_2;2002;FR;METRO;NR53;29;Cultures développées;3.12.2.12;STH (Superficies toujours en herbe) peu productives (pâturages pauvres);Groupe d'indicateurs;070.02;Rendement matière sèche;24;OUI
SAANR_FOURRAGE_2;2002;FR;METRO;NR53;35;Cultures développées;3.12.2.12;STH (Superficies toujours en herbe) peu productives (pâturages pauvres);Groupe d'indicateurs;070.02;Rendement matière sèche;10;OUI
SAANR_FOURRAGE_2;2002;FR;METRO;NR53;56;Cultures développées;3.12.2.12;STH (Superficies toujours en herbe) peu productives (pâturages pauvres);Groupe d'indicateurs;070.02;Rendement matière sèche;12;OUI
SAANR_FOURRAGE_2;2002;FR;METRO;NR75;16;Cultures développées;3;Fourrages annuels, prairies non permanentes et STH;Groupe d'indicateurs;020.08;Production séche (volume);8984951;OUI
SAANR_FOURRAGE_2;2002;FR;METRO;NR75;17;Cultures développées;3;Fourrages annuels, prairies non permanentes et STH;Groupe d'indicateurs;020.08;Production séche (volume);6114523;OUI
SAANR_FOURRAGE_2;2002;FR;METRO;NR75;19;Cultures développées;3;Fourrages annuels, prairies non permanentes et STH;Groupe d'indicateurs;020.08;Production séche (volume);12596110;OUI
SAANR_FOURRAGE_2;2002;FR;METRO;NR75;23;Cultures développées;3;Fourrages annuels, prairies non permanentes et STH;Groupe d'indicateurs;020.08;Production séche (volume);15454894;OUI
SAANR_FOURRAGE_2;2002;FR;METRO;NR75;24;Cultures développées;3;Fourrages annuels, prairies non permanentes et STH;Groupe d'indicateurs;020.08;Production séche (volume);14131979;OUI
SAANR_FOURRAGE_2;2002;FR;METRO;NR75;33;Cultures développées;3;Fourrages annuels, prairies non permanentes et STH;Groupe d'indicateurs;020.08;Production séche (volume);3965367;OUI
SAANR_FOURRAGE_2;2002;FR;METRO;NR75;40;Cultures développées;3;Fourrages annuels, prairies non permanentes et STH;Groupe d'indicateurs;020.08;Production séche (volume);3494820;OUI
SAANR_FOURRAGE_2;2002;FR;METRO;NR75;47;Cultures développées;3;Fourrages annuels, prairies non permanentes et STH;Groupe d'indicateurs;020.08;Production séche (volume);3831347;OUI
SAANR_FOURRAGE_2;2002;FR;METRO;NR75;64;Cultures développées;3;Fourrages annuels, prairies non permanentes et STH;Groupe d'indicateurs;020.08;Production séche (volume);22932329;OUI
SAANR_FOURRAGE_2;2002;FR;METRO;NR75;79;Cultures développées;3;Fourrages annuels, prairies non permanentes et STH;Groupe d'indicateurs;020.08;Production séche (volume);16155710;OUI
SAANR_FOURRAGE_2;2002;FR;METRO;NR75;86;Cultures développées;3;Fourrages annuels, prairies non permanentes et STH;Groupe d'indicateurs;020.08;Production séche (volume);7719780;OUI
SAANR_FOURRAGE_2;2002;FR;METRO;NR75;87;Cultures développées;3;Fourrages annuels, prairies non permanentes et STH;Groupe d'indicateurs;020.08;Production séche (volume);20290328;OUI
SAANR_FOURRAGE_2;2002;FR;METRO;NR75;16;Cultures développées;3;Fourrages annuels, prairies non permanentes et STH;Groupe d'indicateurs;050.07;Superficie concernée;124527;OUI
SAANR_FOURRAGE_2;2002;FR;METRO;NR75;17;Cultures développées;3;Fourrages annuels, prairies non permanentes et STH;Groupe d'indicateurs;050.07;Superficie concernée;94002;OUI
SAANR_FOURRAGE_2;2002;FR;METRO;NR75;19;Cultures développées;3;Fourrages annuels, prairies non permanentes et STH;Groupe d'indicateurs;050.07;Superficie concernée;221660;OUI
SAANR_FOURRAGE_2;2002;FR;METRO;NR75;23;Cultures développées;3;Fourrages annuels, prairies non permanentes et STH;Groupe d'indicateurs;050.07;Superficie concernée;289145;OUI
SAANR_FOURRAGE_2;2002;FR;METRO;NR75;24;Cultures développées;3;Fourrages annuels, prairies non permanentes et STH;Groupe d'indicateurs;050.07;Superficie concernée;248023;OUI
SAANR_FOURRAGE_2;2002;FR;METRO;NR75;33;Cultures développées;3;Fourrages annuels, prairies non permanentes et STH;Groupe d'indicateurs;050.07;Superficie concernée;69860;OUI
SAANR_FOURRAGE_2;2002;FR;METRO;NR75;40;Cultures développées;3;Fourrages annuels, prairies non permanentes et STH;Groupe d'indicateurs;050.07;Superficie concernée;36830;OUI
SAANR_FOURRAGE_2;2002;FR;METRO;NR75;47;Cultures développées;3;Fourrages annuels, prairies non permanentes et STH;Groupe d'indicateurs;050.07;Superficie concernée;68771;OUI
SAANR_FOURRAGE_2;2002;FR;METRO;NR75;64;Cultures développées;3;Fourrages annuels, prairies non permanentes et STH;Groupe d'indicateurs;050.07;Superficie concernée;341042;OUI
SAANR_FOURRAGE_2;2002;FR;METRO;NR75;79;Cultures développées;3;Fourrages annuels, prairies non permanentes et STH;Groupe d'indicateurs;050.07;Superficie concernée;217719;OUI
SAANR_FOURRAGE_2;2002;FR;METRO;NR75;86;Cultures développées;3;Fourrages annuels, prairies non permanentes et STH;Groupe d'indicateurs;050.07;Superficie concernée;123095;OUI
SAANR_FOURRAGE_2;2002;FR;METRO;NR75;87;Cultures développées;3;Fourrages annuels, prairies non permanentes et STH;Groupe d'indicateurs;050.07;Superficie concernée;275001;OUI
SAANR_FOURRAGE_2;2002;FR;METRO;NR75;16;Cultures développées;3;Fourrages annuels, prairies non permanentes et STH;Groupe d'indicateurs;070.02;Rendement matière sèche;;OUI
SAANR_FOURRAGE_2;2002;FR;METRO;NR75;17;Cultures développées;3;Fourrages annuels, prairies non permanentes et STH;Groupe d'indicateurs;070.02;Rendement matière sèche;;OUI
SAANR_FOURRAGE_2;2002;FR;METRO;NR75;19;Cultures développées;3;Fourrages annuels, prairies non permanentes et STH;Groupe d'indicateurs;070.02;Rendement matière sèche;;OUI
SAANR_FOURRAGE_2;2002;FR;METRO;NR75;23;Cultures développées;3;Fourrages annuels, prairies non permanentes et STH;Groupe d'indicateurs;070.02;Rendement matière sèche;;OUI
SAANR_FOURRAGE_2;2002;FR;METRO;NR75;24;Cultures développées;3;Fourrages annuels, prairies non permanentes et STH;Groupe d'indicateurs;070.02;Rendement matière sèche;;OUI
SAANR_FOURRAGE_2;2002;FR;METRO;NR75;33;Cultures développées;3;Fourrages annuels, prairies non permanentes et STH;Groupe d'indicateurs;070.02;Rendement matière sèche;;OUI
SAANR_FOURRAGE_2;2002;FR;METRO;NR75;40;Cultures développées;3;Fourrages annuels, prairies non permanentes et STH;Groupe d'indicateurs;070.02;Rendement matière sèche;;OUI
SAANR_FOURRAGE_2;2002;FR;METRO;NR75;47;Cultures développées;3;Fourrages annuels, prairies non permanentes et STH;Groupe d'indicateurs;070.02;Rendement matière sèche;;OUI
SAANR_FOURRAGE_2;2002;FR;METRO;NR75;64;Cultures développées;3;Fourrages annuels, prairies non permanentes et STH;Groupe d'indicateurs;070.02;Rendement matière sèche;;OUI
SAANR_FOURRAGE_2;2002;FR;METRO;NR75;79;Cultures développées;3;Fourrages annuels, prairies non permanentes et STH;Groupe d'indicateurs;070.02;Rendement matière sèche;;OUI
SAANR_FOURRAGE_2;2002;FR;METRO;NR75;86;Cultures développées;3;Fourrages annuels, prairies non permanentes et STH;Groupe d'indicateurs;070.02;Rendement matière sèche;;OUI
SAANR_FOURRAGE_2;2002;FR;METRO;NR75;87;Cultures développées;3;Fourrages annuels, prairies non permanentes et STH;Groupe d'indicateurs;070.02;Rendement matière sèche;;OUI
SAANR_FOURRAGE_2;2002;FR;METRO;NR75;16;Cultures développées;3.11;Fourrages annuels;Groupe d'indicateurs;020.08;Production séche (volume);1780998;OUI
SAANR_FOURRAGE_2;2002;FR;METRO;NR75;17;Cultures développées;3.11;Fourrages annuels;Groupe d'indicateurs;020.08;Production séche (volume);1903629;OUI
SAANR_FOURRAGE_2;2002;FR;METRO;NR75;19;Cultures développées;3.11;Fourrages annuels;Groupe d'indicateurs;020.08;Production séche (volume);273720;OUI
SAANR_FOURRAGE_2;2002;FR;METRO;NR75;23;Cultures développées;3.11;Fourrages annuels;Groupe d'indicateurs;020.08;Production séche (volume);1135680;OUI
SAANR_FOURRAGE_2;2002;FR;METRO;NR75;24;Cultures développées;3.11;Fourrages annuels;Groupe d'indicateurs;020.08;Production séche (volume);1568636;OUI
SAANR_FOURRAGE_2;2002;FR;METRO;NR75;33;Cultures développées;3.11;Fourrages annuels;Groupe d'indicateurs;020.08;Production séche (volume);646315;OUI
SAANR_FOURRAGE_2;2002;FR;METRO;NR75;40;Cultures développées;3.11;Fourrages annuels;Groupe d'indicateurs;020.08;Production séche (volume);1182387;OUI
SAANR_FOURRAGE_2;2002;FR;METRO;NR75;47;Cultures développées;3.11;Fourrages annuels;Groupe d'indicateurs;020.08;Production séche (volume);1067920;OUI
SAANR_FOURRAGE_2;2002;FR;METRO;NR75;64;Cultures développées;3.11;Fourrages annuels;Groupe d'indicateurs;020.08;Production séche (volume);3351273;OUI
SAANR_FOURRAGE_2;2002;FR;METRO;NR75;79;Cultures développées;3.11;Fourrages annuels;Groupe d'indicateurs;020.08;Production séche (volume);5320880;OUI
SAANR_FOURRAGE_2;2002;FR;METRO;NR75;86;Cultures développées;3.11;Fourrages annuels;Groupe d'indicateurs;020.08;Production séche (volume);1087016;OUI
SAANR_FOURRAGE_2;2002;FR;METRO;NR75;87;Cultures développées;3.11;Fourrages annuels;Groupe d'indicateurs;020.08;Production séche (volume);1793728;OUI
SAANR_FOURRAGE_2;2002;FR;METRO;NR75;16;Cultures développées;3.11;Fourrages annuels;Groupe d'indicateurs;050.07;Superficie concernée;12590;OUI
SAANR_FOURRAGE_2;2002;FR;METRO;NR75;17;Cultures développées;3.11;Fourrages annuels;Groupe d'indicateurs;050.07;Superficie concernée;16464;OUI
SAANR_FOURRAGE_2;2002;FR;METRO;NR75;19;Cultures développées;3.11;Fourrages annuels;Groupe d'indicateurs;050.07;Superficie concernée;3112;OUI
SAANR_FOURRAGE_2;2002;FR;METRO;NR75;23;Cultures développées;3.11;Fourrages annuels;Groupe d'indicateurs;050.07;Superficie concernée;10128;OUI
SAANR_FOURRAGE_2;2002;FR;METRO;NR75;24;Cultures développées;3.11;Fourrages annuels;Groupe d'indicateurs;050.07;Superficie concernée;17076;OUI
SAANR_FOURRAGE_2;2002;FR;METRO;NR75;33;Cultures développées;3.11;Fourrages annuels;Groupe d'indicateurs;050.07;Superficie concernée;6051;OUI
SAANR_FOURRAGE_2;2002;FR;METRO;NR75;40;Cultures développées;3.11;Fourrages annuels;Groupe d'indicateurs;050.07;Superficie concernée;6307;OUI
SAANR_FOURRAGE_2;2002;FR;METRO;NR75;47;Cultures développées;3.11;Fourrages annuels;Groupe d'indicateurs;050.07;Superficie concernée;8570;OUI
SAANR_FOURRAGE_2;2002;FR;METRO;NR75;64;Cultures développées;3.11;Fourrages annuels;Groupe d'indicateurs;050.07;Superficie concernée;25611;OUI
SAANR_FOURRAGE_2;2002;FR;METRO;NR75;79;Cultures développées;3.11;Fourrages annuels;Groupe d'indicateurs;050.07;Superficie concernée;43168;OUI
SAANR_FOURRAGE_2;2002;FR;METRO;NR75;86;Cultures développées;3.11;Fourrages annuels;Groupe d'indicateurs;050.07;Superficie concernée;9907;OUI
SAANR_FOURRAGE_2;2002;FR;METRO;NR75;87;Cultures développées;3.11;Fourrages annuels;Groupe d'indicateurs;050.07;Superficie concernée;16544;OUI
SAANR_FOURRAGE_2;2002;FR;METRO;NR75;16;Cultures développées;3.11;Fourrages annuels;Groupe d'indicateurs;070.02;Rendement matière sèche;;OUI
SAANR_FOURRAGE_2;2002;FR;METRO;NR75;17;Cultures développées;3.11;Fourrages annuels;Groupe d'indicateurs;070.02;Rendement matière sèche;;OUI
SAANR_FOURRAGE_2;2002;FR;METRO;NR75;19;Cultures développées;3.11;Fourrages annuels;Groupe d'indicateurs;070.02;Rendement matière sèche;;OUI
SAANR_FOURRAGE_2;2002;FR;METRO;NR75;23;Cultures développées;3.11;Fourrages annuels;Groupe d'indicateurs;070.02;Rendement matière sèche;;OUI
SAANR_FOURRAGE_2;2002;FR;METRO;NR75;24;Cultures développées;3.11;Fourrages annuels;Groupe d'indicateurs;070.02;Rendement matière sèche;;OUI
SAANR_FOURRAGE_2;2002;FR;METRO;NR75;33;Cultures développées;3.11;Fourrages annuels;Groupe d'indicateurs;070.02;Rendement matière sèche;;OUI
SAANR_FOURRAGE_2;2002;FR;METRO;NR75;40;Cultures développées;3.11;Fourrages annuels;Groupe d'indicateurs;070.02;Rendement matière sèche;;OUI
SAANR_FOURRAGE_2;2002;FR;METRO;NR75;47;Cultures développées;3.11;Fourrages annuels;Groupe d'indicateurs;070.02;Rendement matière sèche;;OUI
SAANR_FOURRAGE_2;2002;FR;METRO;NR75;64;Cultures développées;3.11;Fourrages annuels;Groupe d'indicateurs;070.02;Rendement matière sèche;;OUI
SAANR_FOURRAGE_2;2002;FR;METRO;NR75;79;Cultures développées;3.11;Fourrages annuels;Groupe d'indicateurs;070.02;Rendement matière sèche;;OUI
SAANR_FOURRAGE_2;2002;FR;METRO;NR75;86;Cultures développées;3.11;Fourrages annuels;Groupe d'indicateurs;070.02;Rendement matière sèche;;OUI
SAANR_FOURRAGE_2;2002;FR;METRO;NR75;87;Cultures développées;3.11;Fourrages annuels;Groupe d'indicateurs;070.02;Rendement matière sèche;;OUI
SAANR_FOURRAGE_2;2002;FR;METRO;NR75;16;Cultures développées;3.11.1;Maïs fourrage et ensilage (plante entière);Groupe d'indicateurs;020.08;Production séche (volume);1654800;OUI
SAANR_FOURRAGE_2;2002;FR;METRO;NR75;17;Cultures développées;3.11.1;Maïs fourrage et ensilage (plante entière);Groupe d'indicateurs;020.08;Production séche (volume);1659140;OUI
SAANR_FOURRAGE_2;2002;FR;METRO;NR75;19;Cultures développées;3.11.1;Maïs fourrage et ensilage (plante entière);Groupe d'indicateurs;020.08;Production séche (volume);261000;OUI
SAANR_FOURRAGE_2;2002;FR;METRO;NR75;23;Cultures développées;3.11.1;Maïs fourrage et ensilage (plante entière);Groupe d'indicateurs;020.08;Production séche (volume);1104000;OUI
SAANR_FOURRAGE_2;2002;FR;METRO;NR75;24;Cultures développées;3.11.1;Maïs fourrage et ensilage (plante entière);Groupe d'indicateurs;020.08;Production séche (volume);1472500;OUI
SAANR_FOURRAGE_2;2002;FR;METRO;NR75;33;Cultures développées;3.11.1;Maïs fourrage et ensilage (plante entière);Groupe d'indicateurs;020.08;Production séche (volume);552000;OUI
SAANR_FOURRAGE_2;2002;FR;METRO;NR75;40;Cultures développées;3.11.1;Maïs fourrage et ensilage (plante entière);Groupe d'indicateurs;020.08;Production séche (volume);1178000;OUI
SAANR_FOURRAGE_2;2002;FR;METRO;NR75;47;Cultures développées;3.11.1;Maïs fourrage et ensilage (plante entière);Groupe d'indicateurs;020.08;Production séche (volume);980000;OUI
SAANR_FOURRAGE_2;2002;FR;METRO;NR75;64;Cultures développées;3.11.1;Maïs fourrage et ensilage (plante entière);Groupe d'indicateurs;020.08;Production séche (volume);3217500;OUI
SAANR_FOURRAGE_2;2002;FR;METRO;NR75;79;Cultures développées;3.11.1;Maïs fourrage et ensilage (plante entière);Groupe d'indicateurs;020.08;Production séche (volume);4558365;OUI
SAANR_FOURRAGE_2;2002;FR;METRO;NR75;86;Cultures développées;3.11.1;Maïs fourrage et ensilage (plante entière);Groupe d'indicateurs;020.08;Production séche (volume);1023720;OUI
SAANR_FOURRAGE_2;2002;FR;METRO;NR75;87;Cultures développées;3.11.1;Maïs fourrage et ensilage (plante entière);Groupe d'indicateurs;020.08;Production séche (volume);1760000;OUI
SAANR_FOURRAGE_2;2002;FR;METRO;NR75;16;Cultures développées;3.11.1;Maïs fourrage et ensilage (plante entière);Groupe d'indicateurs;050.07;Superficie concernée;11032;OUI
SAANR_FOURRAGE_2;2002;FR;METRO;NR75;17;Cultures développées;3.11.1;Maïs fourrage et ensilage (plante entière);Groupe d'indicateurs;050.07;Superficie concernée;11851;OUI
SAANR_FOURRAGE_2;2002;FR;METRO;NR75;19;Cultures développées;3.11.1;Maïs fourrage et ensilage (plante entière);Groupe d'indicateurs;050.07;Superficie concernée;2900;OUI
SAANR_FOURRAGE_2;2002;FR;METRO;NR75;23;Cultures développées;3.11.1;Maïs fourrage et ensilage (plante entière);Groupe d'indicateurs;050.07;Superficie concernée;9600;OUI
SAANR_FOURRAGE_2;2002;FR;METRO;NR75;24;Cultures développées;3.11.1;Maïs fourrage et ensilage (plante entière);Groupe d'indicateurs;050.07;Superficie concernée;15500;OUI
SAANR_FOURRAGE_2;2002;FR;METRO;NR75;33;Cultures développées;3.11.1;Maïs fourrage et ensilage (plante entière);Groupe d'indicateurs;050.07;Superficie concernée;4600;OUI
SAANR_FOURRAGE_2;2002;FR;METRO;NR75;40;Cultures développées;3.11.1;Maïs fourrage et ensilage (plante entière);Groupe d'indicateurs;050.07;Superficie concernée;6200;OUI
SAANR_FOURRAGE_2;2002;FR;METRO;NR75;47;Cultures développées;3.11.1;Maïs fourrage et ensilage (plante entière);Groupe d'indicateurs;050.07;Superficie concernée;7000;OUI
SAANR_FOURRAGE_2;2002;FR;METRO;NR75;64;Cultures développées;3.11.1;Maïs fourrage et ensilage (plante entière);Groupe d'indicateurs;050.07;Superficie concernée;22500;OUI
SAANR_FOURRAGE_2;2002;FR;METRO;NR75;79;Cultures développées;3.11.1;Maïs fourrage et ensilage (plante entière);Groupe d'indicateurs;050.07;Superficie concernée;31437;OUI
SAANR_FOURRAGE_2;2002;FR;METRO;NR75;86;Cultures développées;3.11.1;Maïs fourrage et ensilage (plante entière);Groupe d'indicateurs;050.07;Superficie concernée;8531;OUI
SAANR_FOURRAGE_2;2002;FR;METRO;NR75;87;Cultures développées;3.11.1;Maïs fourrage et ensilage (plante entière);Groupe d'indicateurs;050.07;Superficie concernée;16000;OUI
SAANR_FOURRAGE_2;2002;FR;METRO;NR75;16;Cultures développées;3.11.1;Maïs fourrage et ensilage (plante entière);Groupe d'indicateurs;070.02;Rendement matière sèche;150;OUI
SAANR_FOURRAGE_2;2002;FR;METRO;NR75;17;Cultures développées;3.11.1;Maïs fourrage et ensilage (plante entière);Groupe d'indicateurs;070.02;Rendement matière sèche;140;OUI
SAANR_FOURRAGE_2;2002;FR;METRO;NR75;19;Cultures développées;3.11.1;Maïs fourrage et ensilage (plante entière);Groupe d'indicateurs;070.02;Rendement matière sèche;90;OUI
SAANR_FOURRAGE_2;2002;FR;METRO;NR75;23;Cultures développées;3.11.1;Maïs fourrage et ensilage (plante entière);Groupe d'indicateurs;070.02;Rendement matière sèche;115;OUI
SAANR_FOURRAGE_2;2002;FR;METRO;NR75;24;Cultures développées;3.11.1;Maïs fourrage et ensilage (plante entière);Groupe d'indicateurs;070.02;Rendement matière sèche;95;OUI
SAANR_FOURRAGE_2;2002;FR;METRO;NR75;33;Cultures développées;3.11.1;Maïs fourrage et ensilage (plante entière);Groupe d'indicateurs;070.02;Rendement matière sèche;120;OUI
SAANR_FOURRAGE_2;2002;FR;METRO;NR75;40;Cultures développées;3.11.1;Maïs fourrage et ensilage (plante entière);Groupe d'indicateurs;070.02;Rendement matière sèche;190;OUI
SAANR_FOURRAGE_2;2002;FR;METRO;NR75;47;Cultures développées;3.11.1;Maïs fourrage et ensilage (plante entière);Groupe d'indicateurs;070.02;Rendement matière sèche;140;OUI
SAANR_FOURRAGE_2;2002;FR;METRO;NR75;64;Cultures développées;3.11.1;Maïs fourrage et ensilage (plante entière);Groupe d'indicateurs;070.02;Rendement matière sèche;143;OUI
SAANR_FOURRAGE_2;2002;FR;METRO;NR75;79;Cultures développées;3.11.1;Maïs fourrage et ensilage (plante entière);Groupe d'indicateurs;070.02;Rendement matière sèche;145;OUI
SAANR_FOURRAGE_2;2002;FR;METRO;NR75;86;Cultures développées;3.11.1;Maïs fourrage et ensilage (plante entière);Groupe d'indicateurs;070.02;Rendement matière sèche;120;OUI
SAANR_FOURRAGE_2;2002;FR;METRO;NR75;87;Cultures développées;3.11.1;Maïs fourrage et ensilage (plante entière);Groupe d'indicateurs;070.02;Rendement matière sèche;110;OUI
SAANR_FOURRAGE_2;2002;FR;METRO;NR75;16;Cultures développées;3.11.1.12;Maïs fourrage et ensilage (plante entière) non irrigué;Groupe d'indicateurs;020.08;Production séche (volume);1654800;OUI
SAANR_FOURRAGE_2;2002;FR;METRO;NR75;17;Cultures développées;3.11.1.12;Maïs fourrage et ensilage (plante entière) non irrigué;Groupe d'indicateurs;020.08;Production séche (volume);1659140;OUI
SAANR_FOURRAGE_2;2002;FR;METRO;NR75;19;Cultures développées;3.11.1.12;Maïs fourrage et ensilage (plante entière) non irrigué;Groupe d'indicateurs;020.08;Production séche (volume);261000;OUI
SAANR_FOURRAGE_2;2002;FR;METRO;NR75;23;Cultures développées;3.11.1.12;Maïs fourrage et ensilage (plante entière) non irrigué;Groupe d'indicateurs;020.08;Production séche (volume);1104000;OUI
SAANR_FOURRAGE_2;2002;FR;METRO;NR75;24;Cultures développées;3.11.1.12;Maïs fourrage et ensilage (plante entière) non irrigué;Groupe d'indicateurs;020.08;Production séche (volume);1472500;OUI
SAANR_FOURRAGE_2;2002;FR;METRO;NR75;33;Cultures développées;3.11.1.12;Maïs fourrage et ensilage (plante entière) non irrigué;Groupe d'indicateurs;020.08;Production séche (volume);552000;OUI
SAANR_FOURRAGE_2;2002;FR;METRO;NR75;40;Cultures développées;3.11.1.12;Maïs fourrage et ensilage (plante entière) non irrigué;Groupe d'indicateurs;020.08;Production séche (volume);1178000;OUI
SAANR_FOURRAGE_2;2002;FR;METRO;NR75;47;Cultures développées;3.11.1.12;Maïs fourrage et ensilage (plante entière) non irrigué;Groupe d'indicateurs;020.08;Production séche (volume);980000;OUI
SAANR_FOURRAGE_2;2002;FR;METRO;NR75;64;Cultures développées;3.11.1.12;Maïs fourrage et ensilage (plante entière) non irrigué;Groupe d'indicateurs;020.08;Production séche (volume);3217500;OUI
SAANR_FOURRAGE_2;2002;FR;METRO;NR75;79;Cultures développées;3.11.1.12;Maïs fourrage et ensilage (plante entière) non irrigué;Groupe d'indicateurs;020.08;Production séche (volume);4558365;OUI
SAANR_FOURRAGE_2;2002;FR;METRO;NR75;86;Cultures développées;3.11.1.12;Maïs fourrage et ensilage (plante entière) non irrigué;Groupe d'indicateurs;020.08;Production séche (volume);1023720;OUI
SAANR_FOURRAGE_2;2002;FR;METRO;NR75;87;Cultures développées;3.11.1.12;Maïs fourrage et ensilage (plante entière) non irrigué;Groupe d'indicateurs;020.08;Production séche (volume);1760000;OUI
SAANR_FOURRAGE_2;2002;FR;METRO;NR75;16;Cultures développées;3.11.1.12;Maïs fourrage et ensilage (plante entière) non irrigué;Groupe d'indicateurs;050.07;Superficie concernée;11032;OUI
SAANR_FOURRAGE_2;2002;FR;METRO;NR75;17;Cultures développées;3.11.1.12;Maïs fourrage et ensilage (plante entière) non irrigué;Groupe d'indicateurs;050.07;Superficie concernée;11851;OUI
SAANR_FOURRAGE_2;2002;FR;METRO;NR75;19;Cultures développées;3.11.1.12;Maïs fourrage et ensilage (plante entière) non irrigué;Groupe d'indicateurs;050.07;Superficie concernée;2900;OUI
SAANR_FOURRAGE_2;2002;FR;METRO;NR75;23;Cultures développées;3.11.1.12;Maïs fourrage et ensilage (plante entière) non irrigué;Groupe d'indicateurs;050.07;Superficie concernée;9600;OUI
SAANR_FOURRAGE_2;2002;FR;METRO;NR75;24;Cultures développées;3.11.1.12;Maïs fourrage et ensilage (plante entière) non irrigué;Groupe d'indicateurs;050.07;Superficie concernée;15500;OUI
SAANR_FOURRAGE_2;2002;FR;METRO;NR75;33;Cultures développées;3.11.1.12;Maïs fourrage et ensilage (plante entière) non irrigué;Groupe d'indicateurs;050.07;Superficie concernée;4600;OUI
SAANR_FOURRAGE_2;2002;FR;METRO;NR75;40;Cultures développées;3.11.1.12;Maïs fourrage et ensilage (plante entière) non irrigué;Groupe d'indicateurs;050.07;Superficie concernée;6200;OUI
SAANR_FOURRAGE_2;2002;FR;METRO;NR75;47;Cultures développées;3.11.1.12;Maïs fourrage et ensilage (plante entière) non irrigué;Groupe d'indicateurs;050.07;Superficie concernée;7000;OUI
SAANR_FOURRAGE_2;2002;FR;METRO;NR75;64;Cultures développées;3.11.1.12;Maïs fourrage et ensilage (plante entière) non irrigué;Groupe d'indicateurs;050.07;Superficie concernée;22500;OUI
SAANR_FOURRAGE_2;2002;FR;METRO;NR75;79;Cultures développées;3.11.1.12;Maïs fourrage et ensilage (plante entière) non irrigué;Groupe d'indicateurs;050.07;Superficie concernée;31437;OUI
SAANR_FOURRAGE_2;2002;FR;METRO;NR75;86;Cultures développées;3.11.1.12;Maïs fourrage et ensilage (plante entière) non irrigué;Groupe d'indicateurs;050.07;Superficie concernée;8531;OUI
SAANR_FOURRAGE_2;2002;FR;METRO;NR75;87;Cultures développées;3.11.1.12;Maïs fourrage et ensilage (plante entière) non irrigué;Groupe d'indicateurs;050.07;Superficie concernée;16000;OUI
SAANR_FOURRAGE_2;2002;FR;METRO;NR75;16;Cultures développées;3.11.1.12;Maïs fourrage et ensilage (plante entière) non irrigué;Groupe d'indicateurs;070.02;Rendement matière sèche;150;OUI
SAANR_FOURRAGE_2;2002;FR;METRO;NR75;17;Cultures développées;3.11.1.12;Maïs fourrage et ensilage (plante entière) non irrigué;Groupe d'indicateurs;070.02;Rendement matière sèche;140;OUI
SAANR_FOURRAGE_2;2002;FR;METRO;NR75;19;Cultures développées;3.11.1.12;Maïs fourrage et ensilage (plante entière) non irrigué;Groupe d'indicateurs;070.02;Rendement matière sèche;90;OUI
SAANR_FOURRAGE_2;2002;FR;METRO;NR75;23;Cultures développées;3.11.1.12;Maïs fourrage et ensilage (plante entière) non irrigué;Groupe d'indicateurs;070.02;Rendement matière sèche;115;OUI
SAANR_FOURRAGE_2;2002;FR;METRO;NR75;24;Cultures développées;3.11.1.12;Maïs fourrage et ensilage (plante entière) non irrigué;Groupe d'indicateurs;070.02;Rendement matière sèche;95;OUI
SAANR_FOURRAGE_2;2002;FR;METRO;NR75;33;Cultures développées;3.11.1.12;Maïs fourrage et ensilage (plante entière) non irrigué;Groupe d'indicateurs;070.02;Rendement matière sèche;120;OUI
SAANR_FOURRAGE_2;2002;FR;METRO;NR75;40;Cultures développées;3.11.1.12;Maïs fourrage et ensilage (plante entière) non irrigué;Groupe d'indicateurs;070.02;Rendement matière sèche;190;OUI
SAANR_FOURRAGE_2;2002;FR;METRO;NR75;47;Cultures développées;3.11.1.12;Maïs fourrage et ensilage (plante entière) non irrigué;Groupe d'indicateurs;070.02;Rendement matière sèche;140;OUI
SAANR_FOURRAGE_2;2002;FR;METRO;NR75;64;Cultures développées;3.11.1.12;Maïs fourrage et ensilage (plante entière) non irrigué;Groupe d'indicateurs;070.02;Rendement matière sèche;143;OUI
SAANR_FOURRAGE_2;2002;FR;METRO;NR75;79;Cultures développées;3.11.1.12;Maïs fourrage et ensilage (plante entière) non irrigué;Groupe d'indicateurs;070.02;Rendement matière sèche;145;OUI
SAANR_FOURRAGE_2;2002;FR;METRO;NR75;86;Cultures développées;3.11.1.12;Maïs fourrage et ensilage (plante entière) non irrigué;Groupe d'indicateurs;070.02;Rendement matière sèche;120;OUI
SAANR_FOURRAGE_2;2002;FR;METRO;NR75;87;Cultures développées;3.11.1.12;Maïs fourrage et ensilage (plante entière) non irrigué;Groupe d'indicateurs;070.02;Rendement matière sèche;110;OUI
SAANR_FOURRAGE_2;2002;FR;METRO;NR75;16;Cultures développées;3.11.9;Autres fourrages annuels, n.c.a.;Groupe d'indicateurs;020.08;Production séche (volume);126198;OUI
SAANR_FOURRAGE_2;2002;FR;METRO;NR75;17;Cultures développées;3.11.9;Autres fourrages annuels, n.c.a.;Groupe d'indicateurs;020.08;Production séche (volume);244489;OUI
SAANR_FOURRAGE_2;2002;FR;METRO;NR75;19;Cultures développées;3.11.9;Autres fourrages annuels, n.c.a.;Groupe d'indicateurs;020.08;Production séche (volume);12720;OUI
SAANR_FOURRAGE_2;2002;FR;METRO;NR75;23;Cultures développées;3.11.9;Autres fourrages annuels, n.c.a.;Groupe d'indicateurs;020.08;Production séche (volume);31680;OUI
SAANR_FOURRAGE_2;2002;FR;METRO;NR75;24;Cultures développées;3.11.9;Autres fourrages annuels, n.c.a.;Groupe d'indicateurs;020.08;Production séche (volume);96136;OUI
SAANR_FOURRAGE_2;2002;FR;METRO;NR75;33;Cultures développées;3.11.9;Autres fourrages annuels, n.c.a.;Groupe d'indicateurs;020.08;Production séche (volume);94315;OUI
SAANR_FOURRAGE_2;2002;FR;METRO;NR75;40;Cultures développées;3.11.9;Autres fourrages annuels, n.c.a.;Groupe d'indicateurs;020.08;Production séche (volume);4387;OUI
SAANR_FOURRAGE_2;2002;FR;METRO;NR75;47;Cultures développées;3.11.9;Autres fourrages annuels, n.c.a.;Groupe d'indicateurs;020.08;Production séche (volume);87920;OUI
SAANR_FOURRAGE_2;2002;FR;METRO;NR75;64;Cultures développées;3.11.9;Autres fourrages annuels, n.c.a.;Groupe d'indicateurs;020.08;Production séche (volume);133773;OUI
SAANR_FOURRAGE_2;2002;FR;METRO;NR75;79;Cultures développées;3.11.9;Autres fourrages annuels, n.c.a.;Groupe d'indicateurs;020.08;Production séche (volume);762515;OUI
SAANR_FOURRAGE_2;2002;FR;METRO;NR75;86;Cultures développées;3.11.9;Autres fourrages annuels, n.c.a.;Groupe d'indicateurs;020.08;Production séche (volume);63296;OUI
SAANR_FOURRAGE_2;2002;FR;METRO;NR75;87;Cultures développées;3.11.9;Autres fourrages annuels, n.c.a.;Groupe d'indicateurs;020.08;Production séche (volume);33728;OUI
SAANR_FOURRAGE_2;2002;FR;METRO;NR75;16;Cultures développées;3.11.9;Autres fourrages annuels, n.c.a.;Groupe d'indicateurs;050.07;Superficie concernée;1558;OUI
SAANR_FOURRAGE_2;2002;FR;METRO;NR75;17;Cultures développées;3.11.9;Autres fourrages annuels, n.c.a.;Groupe d'indicateurs;050.07;Superficie concernée;4613;OUI
SAANR_FOURRAGE_2;2002;FR;METRO;NR75;19;Cultures développées;3.11.9;Autres fourrages annuels, n.c.a.;Groupe d'indicateurs;050.07;Superficie concernée;212;OUI
SAANR_FOURRAGE_2;2002;FR;METRO;NR75;23;Cultures développées;3.11.9;Autres fourrages annuels, n.c.a.;Groupe d'indicateurs;050.07;Superficie concernée;528;OUI
SAANR_FOURRAGE_2;2002;FR;METRO;NR75;24;Cultures développées;3.11.9;Autres fourrages annuels, n.c.a.;Groupe d'indicateurs;050.07;Superficie concernée;1576;OUI
SAANR_FOURRAGE_2;2002;FR;METRO;NR75;33;Cultures développées;3.11.9;Autres fourrages annuels, n.c.a.;Groupe d'indicateurs;050.07;Superficie concernée;1451;OUI
SAANR_FOURRAGE_2;2002;FR;METRO;NR75;40;Cultures développées;3.11.9;Autres fourrages annuels, n.c.a.;Groupe d'indicateurs;050.07;Superficie concernée;107;OUI
SAANR_FOURRAGE_2;2002;FR;METRO;NR75;47;Cultures développées;3.11.9;Autres fourrages annuels, n.c.a.;Groupe d'indicateurs;050.07;Superficie concernée;1570;OUI
SAANR_FOURRAGE_2;2002;FR;METRO;NR75;64;Cultures développées;3.11.9;Autres fourrages annuels, n.c.a.;Groupe d'indicateurs;050.07;Superficie concernée;3111;OUI
SAANR_FOURRAGE_2;2002;FR;METRO;NR75;79;Cultures développées;3.11.9;Autres fourrages annuels, n.c.a.;Groupe d'indicateurs;050.07;Superficie concernée;11731;OUI
SAANR_FOURRAGE_2;2002;FR;METRO;NR75;86;Cultures développées;3.11.9;Autres fourrages annuels, n.c.a.;Groupe d'indicateurs;050.07;Superficie concernée;1376;OUI
SAANR_FOURRAGE_2;2002;FR;METRO;NR75;87;Cultures développées;3.11.9;Autres fourrages annuels, n.c.a.;Groupe d'indicateurs;050.07;Superficie concernée;544;OUI
SAANR_FOURRAGE_2;2002;FR;METRO;NR75;16;Cultures développées;3.12;Prairies non permanentes et STH;Groupe d'indicateurs;020.08;Production séche (volume);7203953;OUI
SAANR_FOURRAGE_2;2002;FR;METRO;NR75;17;Cultures développées;3.12;Prairies non permanentes et STH;Groupe d'indicateurs;020.08;Production séche (volume);4210894;OUI
SAANR_FOURRAGE_2;2002;FR;METRO;NR75;19;Cultures développées;3.12;Prairies non permanentes et STH;Groupe d'indicateurs;020.08;Production séche (volume);12322390;OUI
SAANR_FOURRAGE_2;2002;FR;METRO;NR75;23;Cultures développées;3.12;Prairies non permanentes et STH;Groupe d'indicateurs;020.08;Production séche (volume);14319214;OUI
SAANR_FOURRAGE_2;2002;FR;METRO;NR75;24;Cultures développées;3.12;Prairies non permanentes et STH;Groupe d'indicateurs;020.08;Production séche (volume);12563343;OUI
SAANR_FOURRAGE_2;2002;FR;METRO;NR75;33;Cultures développées;3.12;Prairies non permanentes et STH;Groupe d'indicateurs;020.08;Production séche (volume);3319052;OUI
SAANR_FOURRAGE_2;2002;FR;METRO;NR75;40;Cultures développées;3.12;Prairies non permanentes et STH;Groupe d'indicateurs;020.08;Production séche (volume);2312433;OUI
SAANR_FOURRAGE_2;2002;FR;METRO;NR75;47;Cultures développées;3.12;Prairies non permanentes et STH;Groupe d'indicateurs;020.08;Production séche (volume);2763427;OUI
SAANR_FOURRAGE_2;2002;FR;METRO;NR75;64;Cultures développées;3.12;Prairies non permanentes et STH;Groupe d'indicateurs;020.08;Production séche (volume);19581056;OUI
SAANR_FOURRAGE_2;2002;FR;METRO;NR75;79;Cultures développées;3.12;Prairies non permanentes et STH;Groupe d'indicateurs;020.08;Production séche (volume);10834830;OUI
SAANR_FOURRAGE_2;2002;FR;METRO;NR75;86;Cultures développées;3.12;Prairies non permanentes et STH;Groupe d'indicateurs;020.08;Production séche (volume);6632764;OUI
SAANR_FOURRAGE_2;2002;FR;METRO;NR75;87;Cultures développées;3.12;Prairies non permanentes et STH;Groupe d'indicateurs;020.08;Production séche (volume);18496600;OUI
SAANR_FOURRAGE_2;2002;FR;METRO;NR75;16;Cultures développées;3.12;Prairies non permanentes et STH;Groupe d'indicateurs;050.07;Superficie concernée;111937;OUI
SAANR_FOURRAGE_2;2002;FR;METRO;NR75;17;Cultures développées;3.12;Prairies non permanentes et STH;Groupe d'indicateurs;050.07;Superficie concernée;77538;OUI
SAANR_FOURRAGE_2;2002;FR;METRO;NR75;19;Cultures développées;3.12;Prairies non permanentes et STH;Groupe d'indicateurs;050.07;Superficie concernée;218548;OUI
SAANR_FOURRAGE_2;2002;FR;METRO;NR75;23;Cultures développées;3.12;Prairies non permanentes et STH;Groupe d'indicateurs;050.07;Superficie concernée;279017;OUI
SAANR_FOURRAGE_2;2002;FR;METRO;NR75;24;Cultures développées;3.12;Prairies non permanentes et STH;Groupe d'indicateurs;050.07;Superficie concernée;230947;OUI
SAANR_FOURRAGE_2;2002;FR;METRO;NR75;33;Cultures développées;3.12;Prairies non permanentes et STH;Groupe d'indicateurs;050.07;Superficie concernée;63809;OUI
SAANR_FOURRAGE_2;2002;FR;METRO;NR75;40;Cultures développées;3.12;Prairies non permanentes et STH;Groupe d'indicateurs;050.07;Superficie concernée;30523;OUI
SAANR_FOURRAGE_2;2002;FR;METRO;NR75;47;Cultures développées;3.12;Prairies non permanentes et STH;Groupe d'indicateurs;050.07;Superficie concernée;60201;OUI
SAANR_FOURRAGE_2;2002;FR;METRO;NR75;64;Cultures développées;3.12;Prairies non permanentes et STH;Groupe d'indicateurs;050.07;Superficie concernée;315431;OUI
SAANR_FOURRAGE_2;2002;FR;METRO;NR75;79;Cultures développées;3.12;Prairies non permanentes et STH;Groupe d'indicateurs;050.07;Superficie concernée;174551;OUI
SAANR_FOURRAGE_2;2002;FR;METRO;NR75;86;Cultures développées;3.12;Prairies non permanentes et STH;Groupe d'indicateurs;050.07;Superficie concernée;113188;OUI
SAANR_FOURRAGE_2;2002;FR;METRO;NR75;87;Cultures développées;3.12;Prairies non permanentes et STH;Groupe d'indicateurs;050.07;Superficie concernée;258457;OUI
SAANR_FOURRAGE_2;2002;FR;METRO;NR75;16;Cultures développées;3.12;Prairies non permanentes et STH;Groupe d'indicateurs;070.02;Rendement matière sèche;64.4;OUI
SAANR_FOURRAGE_2;2002;FR;METRO;NR75;17;Cultures développées;3.12;Prairies non permanentes et STH;Groupe d'indicateurs;070.02;Rendement matière sèche;54.3;OUI
SAANR_FOURRAGE_2;2002;FR;METRO;NR75;19;Cultures développées;3.12;Prairies non permanentes et STH;Groupe d'indicateurs;070.02;Rendement matière sèche;56.4;OUI
SAANR_FOURRAGE_2;2002;FR;METRO;NR75;23;Cultures développées;3.12;Prairies non permanentes et STH;Groupe d'indicateurs;070.02;Rendement matière sèche;51.3;OUI
SAANR_FOURRAGE_2;2002;FR;METRO;NR75;24;Cultures développées;3.12;Prairies non permanentes et STH;Groupe d'indicateurs;070.02;Rendement matière sèche;54.4;OUI
SAANR_FOURRAGE_2;2002;FR;METRO;NR75;33;Cultures développées;3.12;Prairies non permanentes et STH;Groupe d'indicateurs;070.02;Rendement matière sèche;52;OUI
SAANR_FOURRAGE_2;2002;FR;METRO;NR75;40;Cultures développées;3.12;Prairies non permanentes et STH;Groupe d'indicateurs;070.02;Rendement matière sèche;75.8;OUI
SAANR_FOURRAGE_2;2002;FR;METRO;NR75;47;Cultures développées;3.12;Prairies non permanentes et STH;Groupe d'indicateurs;070.02;Rendement matière sèche;45.9;OUI
SAANR_FOURRAGE_2;2002;FR;METRO;NR75;64;Cultures développées;3.12;Prairies non permanentes et STH;Groupe d'indicateurs;070.02;Rendement matière sèche;62.1;OUI
SAANR_FOURRAGE_2;2002;FR;METRO;NR75;79;Cultures développées;3.12;Prairies non permanentes et STH;Groupe d'indicateurs;070.02;Rendement matière sèche;62.1;OUI
SAANR_FOURRAGE_2;2002;FR;METRO;NR75;86;Cultures développées;3.12;Prairies non permanentes et STH;Groupe d'indicateurs;070.02;Rendement matière sèche;58.6;OUI
SAANR_FOURRAGE_2;2002;FR;METRO;NR75;87;Cultures développées;3.12;Prairies non permanentes et STH;Groupe d'indicateurs;070.02;Rendement matière sèche;71.6;OUI
SAANR_FOURRAGE_2;2002;FR;METRO;NR75;16;Cultures développées;3.12.1;Prairies non permanentes;Groupe d'indicateurs;020.08;Production séche (volume);4088789;OUI
SAANR_FOURRAGE_2;2002;FR;METRO;NR75;17;Cultures développées;3.12.1;Prairies non permanentes;Groupe d'indicateurs;020.08;Production séche (volume);1935930;OUI
SAANR_FOURRAGE_2;2002;FR;METRO;NR75;19;Cultures développées;3.12.1;Prairies non permanentes;Groupe d'indicateurs;020.08;Production séche (volume);3387545;OUI
SAANR_FOURRAGE_2;2002;FR;METRO;NR75;23;Cultures développées;3.12.1;Prairies non permanentes;Groupe d'indicateurs;020.08;Production séche (volume);3330088;OUI
SAANR_FOURRAGE_2;2002;FR;METRO;NR75;24;Cultures développées;3.12.1;Prairies non permanentes;Groupe d'indicateurs;020.08;Production séche (volume);4726535;OUI
SAANR_FOURRAGE_2;2002;FR;METRO;NR75;33;Cultures développées;3.12.1;Prairies non permanentes;Groupe d'indicateurs;020.08;Production séche (volume);652775;OUI
SAANR_FOURRAGE_2;2002;FR;METRO;NR75;40;Cultures développées;3.12.1;Prairies non permanentes;Groupe d'indicateurs;020.08;Production séche (volume);1235880;OUI
SAANR_FOURRAGE_2;2002;FR;METRO;NR75;47;Cultures développées;3.12.1;Prairies non permanentes;Groupe d'indicateurs;020.08;Production séche (volume);1365511;OUI
SAANR_FOURRAGE_2;2002;FR;METRO;NR75;64;Cultures développées;3.12.1;Prairies non permanentes;Groupe d'indicateurs;020.08;Production séche (volume);6269975;OUI
SAANR_FOURRAGE_2;2002;FR;METRO;NR75;79;Cultures développées;3.12.1;Prairies non permanentes;Groupe d'indicateurs;020.08;Production séche (volume);7054342;OUI
SAANR_FOURRAGE_2;2002;FR;METRO;NR75;86;Cultures développées;3.12.1;Prairies non permanentes;Groupe d'indicateurs;020.08;Production séche (volume);4780402;OUI
SAANR_FOURRAGE_2;2002;FR;METRO;NR75;87;Cultures développées;3.12.1;Prairies non permanentes;Groupe d'indicateurs;020.08;Production séche (volume);6665940;OUI
SAANR_FOURRAGE_2;2002;FR;METRO;NR75;16;Cultures développées;3.12.1;Prairies non permanentes;Groupe d'indicateurs;050.07;Superficie concernée;54373;OUI
SAANR_FOURRAGE_2;2002;FR;METRO;NR75;17;Cultures développées;3.12.1;Prairies non permanentes;Groupe d'indicateurs;050.07;Superficie concernée;22801;OUI
SAANR_FOURRAGE_2;2002;FR;METRO;NR75;19;Cultures développées;3.12.1;Prairies non permanentes;Groupe d'indicateurs;050.07;Superficie concernée;46869;OUI
SAANR_FOURRAGE_2;2002;FR;METRO;NR75;23;Cultures développées;3.12.1;Prairies non permanentes;Groupe d'indicateurs;050.07;Superficie concernée;51875;OUI
SAANR_FOURRAGE_2;2002;FR;METRO;NR75;24;Cultures développées;3.12.1;Prairies non permanentes;Groupe d'indicateurs;050.07;Superficie concernée;55327;OUI
SAANR_FOURRAGE_2;2002;FR;METRO;NR75;33;Cultures développées;3.12.1;Prairies non permanentes;Groupe d'indicateurs;050.07;Superficie concernée;7604;OUI
SAANR_FOURRAGE_2;2002;FR;METRO;NR75;40;Cultures développées;3.12.1;Prairies non permanentes;Groupe d'indicateurs;050.07;Superficie concernée;12866;OUI
SAANR_FOURRAGE_2;2002;FR;METRO;NR75;47;Cultures développées;3.12.1;Prairies non permanentes;Groupe d'indicateurs;050.07;Superficie concernée;24357;OUI
SAANR_FOURRAGE_2;2002;FR;METRO;NR75;64;Cultures développées;3.12.1;Prairies non permanentes;Groupe d'indicateurs;050.07;Superficie concernée;66640;OUI
SAANR_FOURRAGE_2;2002;FR;METRO;NR75;79;Cultures développées;3.12.1;Prairies non permanentes;Groupe d'indicateurs;050.07;Superficie concernée;83658;OUI
SAANR_FOURRAGE_2;2002;FR;METRO;NR75;86;Cultures développées;3.12.1;Prairies non permanentes;Groupe d'indicateurs;050.07;Superficie concernée;69008;OUI
SAANR_FOURRAGE_2;2002;FR;METRO;NR75;87;Cultures développées;3.12.1;Prairies non permanentes;Groupe d'indicateurs;050.07;Superficie concernée;79299;OUI
SAANR_FOURRAGE_2;2002;FR;METRO;NR75;16;Cultures développées;3.12.1;Prairies non permanentes;Groupe d'indicateurs;070.02;Rendement matière sèche;75.2;OUI
SAANR_FOURRAGE_2;2002;FR;METRO;NR75;17;Cultures développées;3.12.1;Prairies non permanentes;Groupe d'indicateurs;070.02;Rendement matière sèche;84.9;OUI
SAANR_FOURRAGE_2;2002;FR;METRO;NR75;19;Cultures développées;3.12.1;Prairies non permanentes;Groupe d'indicateurs;070.02;Rendement matière sèche;72.3;OUI
SAANR_FOURRAGE_2;2002;FR;METRO;NR75;23;Cultures développées;3.12.1;Prairies non permanentes;Groupe d'indicateurs;070.02;Rendement matière sèche;64.2;OUI
SAANR_FOURRAGE_2;2002;FR;METRO;NR75;24;Cultures développées;3.12.1;Prairies non permanentes;Groupe d'indicateurs;070.02;Rendement matière sèche;85.4;OUI
SAANR_FOURRAGE_2;2002;FR;METRO;NR75;33;Cultures développées;3.12.1;Prairies non permanentes;Groupe d'indicateurs;070.02;Rendement matière sèche;85.8;OUI
SAANR_FOURRAGE_2;2002;FR;METRO;NR75;40;Cultures développées;3.12.1;Prairies non permanentes;Groupe d'indicateurs;070.02;Rendement matière sèche;96.1;OUI
SAANR_FOURRAGE_2;2002;FR;METRO;NR75;47;Cultures développées;3.12.1;Prairies non permanentes;Groupe d'indicateurs;070.02;Rendement matière sèche;56.1;OUI
SAANR_FOURRAGE_2;2002;FR;METRO;NR75;64;Cultures développées;3.12.1;Prairies non permanentes;Groupe d'indicateurs;070.02;Rendement matière sèche;94.1;OUI
SAANR_FOURRAGE_2;2002;FR;METRO;NR75;79;Cultures développées;3.12.1;Prairies non permanentes;Groupe d'indicateurs;070.02;Rendement matière sèche;84.3;OUI
SAANR_FOURRAGE_2;2002;FR;METRO;NR75;86;Cultures développées;3.12.1;Prairies non permanentes;Groupe d'indicateurs;070.02;Rendement matière sèche;69.3;OUI
SAANR_FOURRAGE_2;2002;FR;METRO;NR75;87;Cultures développées;3.12.1;Prairies non permanentes;Groupe d'indicateurs;070.02;Rendement matière sèche;84.1;OUI
SAANR_FOURRAGE_2;2002;FR;METRO;NR75;16;Cultures développées;3.12.1.11;Prairie artificielle (luzerne, trèfle violet, ...);Groupe d'indicateurs;020.08;Production séche (volume);742980;OUI
SAANR_FOURRAGE_2;2002;FR;METRO;NR75;17;Cultures développées;3.12.1.11;Prairie artificielle (luzerne, trèfle violet, ...);Groupe d'indicateurs;020.08;Production séche (volume);842296;OUI
SAANR_FOURRAGE_2;2002;FR;METRO;NR75;19;Cultures développées;3.12.1.11;Prairie artificielle (luzerne, trèfle violet, ...);Groupe d'indicateurs;020.08;Production séche (volume);62153;OUI
SAANR_FOURRAGE_2;2002;FR;METRO;NR75;23;Cultures développées;3.12.1.11;Prairie artificielle (luzerne, trèfle violet, ...);Groupe d'indicateurs;020.08;Production séche (volume);34920;OUI
SAANR_FOURRAGE_2;2002;FR;METRO;NR75;24;Cultures développées;3.12.1.11;Prairie artificielle (luzerne, trèfle violet, ...);Groupe d'indicateurs;020.08;Production séche (volume);992448;OUI
SAANR_FOURRAGE_2;2002;FR;METRO;NR75;33;Cultures développées;3.12.1.11;Prairie artificielle (luzerne, trèfle violet, ...);Groupe d'indicateurs;020.08;Production séche (volume);115830;OUI
SAANR_FOURRAGE_2;2002;FR;METRO;NR75;40;Cultures développées;3.12.1.11;Prairie artificielle (luzerne, trèfle violet, ...);Groupe d'indicateurs;020.08;Production séche (volume);12648;OUI
SAANR_FOURRAGE_2;2002;FR;METRO;NR75;47;Cultures développées;3.12.1.11;Prairie artificielle (luzerne, trèfle violet, ...);Groupe d'indicateurs;020.08;Production séche (volume);381671;OUI
SAANR_FOURRAGE_2;2002;FR;METRO;NR75;64;Cultures développées;3.12.1.11;Prairie artificielle (luzerne, trèfle violet, ...);Groupe d'indicateurs;020.08;Production séche (volume);115137;OUI
SAANR_FOURRAGE_2;2002;FR;METRO;NR75;79;Cultures développées;3.12.1.11;Prairie artificielle (luzerne, trèfle violet, ...);Groupe d'indicateurs;020.08;Production séche (volume);1067462;OUI
SAANR_FOURRAGE_2;2002;FR;METRO;NR75;86;Cultures développées;3.12.1.11;Prairie artificielle (luzerne, trèfle violet, ...);Groupe d'indicateurs;020.08;Production séche (volume);751247;OUI
SAANR_FOURRAGE_2;2002;FR;METRO;NR75;87;Cultures développées;3.12.1.11;Prairie artificielle (luzerne, trèfle violet, ...);Groupe d'indicateurs;020.08;Production séche (volume);38592;OUI
SAANR_FOURRAGE_2;2002;FR;METRO;NR75;16;Cultures développées;3.12.1.11;Prairie artificielle (luzerne, trèfle violet, ...);Groupe d'indicateurs;050.07;Superficie concernée;8540;OUI
SAANR_FOURRAGE_2;2002;FR;METRO;NR75;17;Cultures développées;3.12.1.11;Prairie artificielle (luzerne, trèfle violet, ...);Groupe d'indicateurs;050.07;Superficie concernée;9464;OUI
SAANR_FOURRAGE_2;2002;FR;METRO;NR75;19;Cultures développées;3.12.1.11;Prairie artificielle (luzerne, trèfle violet, ...);Groupe d'indicateurs;050.07;Superficie concernée;683;OUI
SAANR_FOURRAGE_2;2002;FR;METRO;NR75;23;Cultures développées;3.12.1.11;Prairie artificielle (luzerne, trèfle violet, ...);Groupe d'indicateurs;050.07;Superficie concernée;388;OUI
SAANR_FOURRAGE_2;2002;FR;METRO;NR75;24;Cultures développées;3.12.1.11;Prairie artificielle (luzerne, trèfle violet, ...);Groupe d'indicateurs;050.07;Superficie concernée;10338;OUI
SAANR_FOURRAGE_2;2002;FR;METRO;NR75;33;Cultures développées;3.12.1.11;Prairie artificielle (luzerne, trèfle violet, ...);Groupe d'indicateurs;050.07;Superficie concernée;1287;OUI
SAANR_FOURRAGE_2;2002;FR;METRO;NR75;40;Cultures développées;3.12.1.11;Prairie artificielle (luzerne, trèfle violet, ...);Groupe d'indicateurs;050.07;Superficie concernée;124;OUI
SAANR_FOURRAGE_2;2002;FR;METRO;NR75;47;Cultures développées;3.12.1.11;Prairie artificielle (luzerne, trèfle violet, ...);Groupe d'indicateurs;050.07;Superficie concernée;6469;OUI
SAANR_FOURRAGE_2;2002;FR;METRO;NR75;64;Cultures développées;3.12.1.11;Prairie artificielle (luzerne, trèfle violet, ...);Groupe d'indicateurs;050.07;Superficie concernée;1163;OUI
SAANR_FOURRAGE_2;2002;FR;METRO;NR75;79;Cultures développées;3.12.1.11;Prairie artificielle (luzerne, trèfle violet, ...);Groupe d'indicateurs;050.07;Superficie concernée;8822;OUI
SAANR_FOURRAGE_2;2002;FR;METRO;NR75;86;Cultures développées;3.12.1.11;Prairie artificielle (luzerne, trèfle violet, ...);Groupe d'indicateurs;050.07;Superficie concernée;7021;OUI
SAANR_FOURRAGE_2;2002;FR;METRO;NR75;87;Cultures développées;3.12.1.11;Prairie artificielle (luzerne, trèfle violet, ...);Groupe d'indicateurs;050.07;Superficie concernée;402;OUI
SAANR_FOURRAGE_2;2002;FR;METRO;NR75;16;Cultures développées;3.12.1.11;Prairie artificielle (luzerne, trèfle violet, ...);Groupe d'indicateurs;070.02;Rendement matière sèche;87;OUI
SAANR_FOURRAGE_2;2002;FR;METRO;NR75;17;Cultures développées;3.12.1.11;Prairie artificielle (luzerne, trèfle violet, ...);Groupe d'indicateurs;070.02;Rendement matière sèche;89;OUI
SAANR_FOURRAGE_2;2002;FR;METRO;NR75;19;Cultures développées;3.12.1.11;Prairie artificielle (luzerne, trèfle violet, ...);Groupe d'indicateurs;070.02;Rendement matière sèche;91;OUI
SAANR_FOURRAGE_2;2002;FR;METRO;NR75;23;Cultures développées;3.12.1.11;Prairie artificielle (luzerne, trèfle violet, ...);Groupe d'indicateurs;070.02;Rendement matière sèche;90;OUI
SAANR_FOURRAGE_2;2002;FR;METRO;NR75;24;Cultures développées;3.12.1.11;Prairie artificielle (luzerne, trèfle violet, ...);Groupe d'indicateurs;070.02;Rendement matière sèche;96;OUI
SAANR_FOURRAGE_2;2002;FR;METRO;NR75;33;Cultures développées;3.12.1.11;Prairie artificielle (luzerne, trèfle violet, ...);Groupe d'indicateurs;070.02;Rendement matière sèche;90;OUI
SAANR_FOURRAGE_2;2002;FR;METRO;NR75;40;Cultures développées;3.12.1.11;Prairie artificielle (luzerne, trèfle violet, ...);Groupe d'indicateurs;070.02;Rendement matière sèche;102;OUI
SAANR_FOURRAGE_2;2002;FR;METRO;NR75;47;Cultures développées;3.12.1.11;Prairie artificielle (luzerne, trèfle violet, ...);Groupe d'indicateurs;070.02;Rendement matière sèche;59;OUI
SAANR_FOURRAGE_2;2002;FR;METRO;NR75;64;Cultures développées;3.12.1.11;Prairie artificielle (luzerne, trèfle violet, ...);Groupe d'indicateurs;070.02;Rendement matière sèche;99;OUI
SAANR_FOURRAGE_2;2002;FR;METRO;NR75;79;Cultures développées;3.12.1.11;Prairie artificielle (luzerne, trèfle violet, ...);Groupe d'indicateurs;070.02;Rendement matière sèche;121;OUI
SAANR_FOURRAGE_2;2002;FR;METRO;NR75;86;Cultures développées;3.12.1.11;Prairie artificielle (luzerne, trèfle violet, ...);Groupe d'indicateurs;070.02;Rendement matière sèche;107;OUI
SAANR_FOURRAGE_2;2002;FR;METRO;NR75;87;Cultures développées;3.12.1.11;Prairie artificielle (luzerne, trèfle violet, ...);Groupe d'indicateurs;070.02;Rendement matière sèche;96;OUI
SAANR_FOURRAGE_2;2002;FR;METRO;NR75;16;Cultures développées;3.12.1.11.2;Autres prairies artificielles;Groupe d'indicateurs;020.08;Production séche (volume);742980;OUI
SAANR_FOURRAGE_2;2002;FR;METRO;NR75;17;Cultures développées;3.12.1.11.2;Autres prairies artificielles;Groupe d'indicateurs;020.08;Production séche (volume);842296;OUI
SAANR_FOURRAGE_2;2002;FR;METRO;NR75;19;Cultures développées;3.12.1.11.2;Autres prairies artificielles;Groupe d'indicateurs;020.08;Production séche (volume);62153;OUI
SAANR_FOURRAGE_2;2002;FR;METRO;NR75;23;Cultures développées;3.12.1.11.2;Autres prairies artificielles;Groupe d'indicateurs;020.08;Production séche (volume);34920;OUI
SAANR_FOURRAGE_2;2002;FR;METRO;NR75;24;Cultures développées;3.12.1.11.2;Autres prairies artificielles;Groupe d'indicateurs;020.08;Production séche (volume);992448;OUI
SAANR_FOURRAGE_2;2002;FR;METRO;NR75;33;Cultures développées;3.12.1.11.2;Autres prairies artificielles;Groupe d'indicateurs;020.08;Production séche (volume);115830;OUI
SAANR_FOURRAGE_2;2002;FR;METRO;NR75;40;Cultures développées;3.12.1.11.2;Autres prairies artificielles;Groupe d'indicateurs;020.08;Production séche (volume);12648;OUI
SAANR_FOURRAGE_2;2002;FR;METRO;NR75;47;Cultures développées;3.12.1.11.2;Autres prairies artificielles;Groupe d'indicateurs;020.08;Production séche (volume);381671;OUI
SAANR_FOURRAGE_2;2002;FR;METRO;NR75;64;Cultures développées;3.12.1.11.2;Autres prairies artificielles;Groupe d'indicateurs;020.08;Production séche (volume);115137;OUI
SAANR_FOURRAGE_2;2002;FR;METRO;NR75;79;Cultures développées;3.12.1.11.2;Autres prairies artificielles;Groupe d'indicateurs;020.08;Production séche (volume);1067462;OUI
SAANR_FOURRAGE_2;2002;FR;METRO;NR75;86;Cultures développées;3.12.1.11.2;Autres prairies artificielles;Groupe d'indicateurs;020.08;Production séche (volume);751247;OUI
SAANR_FOURRAGE_2;2002;FR;METRO;NR75;87;Cultures développées;3.12.1.11.2;Autres prairies artificielles;Groupe d'indicateurs;020.08;Production séche (volume);38592;OUI
SAANR_FOURRAGE_2;2002;FR;METRO;NR75;16;Cultures développées;3.12.1.11.2;Autres prairies artificielles;Groupe d'indicateurs;050.07;Superficie concernée;8540;OUI
SAANR_FOURRAGE_2;2002;FR;METRO;NR75;17;Cultures développées;3.12.1.11.2;Autres prairies artificielles;Groupe d'indicateurs;050.07;Superficie concernée;9464;OUI
SAANR_FOURRAGE_2;2002;FR;METRO;NR75;19;Cultures développées;3.12.1.11.2;Autres prairies artificielles;Groupe d'indicateurs;050.07;Superficie concernée;683;OUI
SAANR_FOURRAGE_2;2002;FR;METRO;NR75;23;Cultures développées;3.12.1.11.2;Autres prairies artificielles;Groupe d'indicateurs;050.07;Superficie concernée;388;OUI
SAANR_FOURRAGE_2;2002;FR;METRO;NR75;24;Cultures développées;3.12.1.11.2;Autres prairies artificielles;Groupe d'indicateurs;050.07;Superficie concernée;10338;OUI
SAANR_FOURRAGE_2;2002;FR;METRO;NR75;33;Cultures développées;3.12.1.11.2;Autres prairies artificielles;Groupe d'indicateurs;050.07;Superficie concernée;1287;OUI
SAANR_FOURRAGE_2;2002;FR;METRO;NR75;40;Cultures développées;3.12.1.11.2;Autres prairies artificielles;Groupe d'indicateurs;050.07;Superficie concernée;124;OUI
SAANR_FOURRAGE_2;2002;FR;METRO;NR75;47;Cultures développées;3.12.1.11.2;Autres prairies artificielles;Groupe d'indicateurs;050.07;Superficie concernée;6469;OUI
SAANR_FOURRAGE_2;2002;FR;METRO;NR75;64;Cultures développées;3.12.1.11.2;Autres prairies artificielles;Groupe d'indicateurs;050.07;Superficie concernée;1163;OUI
SAANR_FOURRAGE_2;2002;FR;METRO;NR75;79;Cultures développées;3.12.1.11.2;Autres prairies artificielles;Groupe d'indicateurs;050.07;Superficie concernée;8822;OUI
SAANR_FOURRAGE_2;2002;FR;METRO;NR75;86;Cultures développées;3.12.1.11.2;Autres prairies artificielles;Groupe d'indicateurs;050.07;Superficie concernée;7021;OUI
SAANR_FOURRAGE_2;2002;FR;METRO;NR75;87;Cultures développées;3.12.1.11.2;Autres prairies artificielles;Groupe d'indicateurs;050.07;Superficie concernée;402;OUI
SAANR_FOURRAGE_2;2002;FR;METRO;NR75;16;Cultures développées;3.12.1.11.2;Autres prairies artificielles;Groupe d'indicateurs;070.02;Rendement matière sèche;87;OUI
SAANR_FOURRAGE_2;2002;FR;METRO;NR75;17;Cultures développées;3.12.1.11.2;Autres prairies artificielles;Groupe d'indicateurs;070.02;Rendement matière sèche;89;OUI
SAANR_FOURRAGE_2;2002;FR;METRO;NR75;19;Cultures développées;3.12.1.11.2;Autres prairies artificielles;Groupe d'indicateurs;070.02;Rendement matière sèche;91;OUI
SAANR_FOURRAGE_2;2002;FR;METRO;NR75;23;Cultures développées;3.12.1.11.2;Autres prairies artificielles;Groupe d'indicateurs;070.02;Rendement matière sèche;90;OUI
SAANR_FOURRAGE_2;2002;FR;METRO;NR75;24;Cultures développées;3.12.1.11.2;Autres prairies artificielles;Groupe d'indicateurs;070.02;Rendement matière sèche;96;OUI
SAANR_FOURRAGE_2;2002;FR;METRO;NR75;33;Cultures développées;3.12.1.11.2;Autres prairies artificielles;Groupe d'indicateurs;070.02;Rendement matière sèche;90;OUI
SAANR_FOURRAGE_2;2002;FR;METRO;NR75;40;Cultures développées;3.12.1.11.2;Autres prairies artificielles;Groupe d'indicateurs;070.02;Rendement matière sèche;102;OUI
SAANR_FOURRAGE_2;2002;FR;METRO;NR75;47;Cultures développées;3.12.1.11.2;Autres prairies artificielles;Groupe d'indicateurs;070.02;Rendement matière sèche;59;OUI
SAANR_FOURRAGE_2;2002;FR;METRO;NR75;64;Cultures développées;3.12.1.11.2;Autres prairies artificielles;Groupe d'indicateurs;070.02;Rendement matière sèche;99;OUI
SAANR_FOURRAGE_2;2002;FR;METRO;NR75;79;Cultures développées;3.12.1.11.2;Autres prairies artificielles;Groupe d'indicateurs;070.02;Rendement matière sèche;121;OUI
SAANR_FOURRAGE_2;2002;FR;METRO;NR75;86;Cultures développées;3.12.1.11.2;Autres prairies artificielles;Groupe d'indicateurs;070.02;Rendement matière sèche;107;OUI
SAANR_FOURRAGE_2;2002;FR;METRO;NR75;87;Cultures développées;3.12.1.11.2;Autres prairies artificielles;Groupe d'indicateurs;070.02;Rendement matière sèche;96;OUI
SAANR_FOURRAGE_2;2002;FR;METRO;NR75;16;Cultures développées;3.12.1.12;Prairies temporaires;Groupe d'indicateurs;020.08;Production séche (volume);3345809;OUI
SAANR_FOURRAGE_2;2002;FR;METRO;NR75;17;Cultures développées;3.12.1.12;Prairies temporaires;Groupe d'indicateurs;020.08;Production séche (volume);1093634;OUI
SAANR_FOURRAGE_2;2002;FR;METRO;NR75;19;Cultures développées;3.12.1.12;Prairies temporaires;Groupe d'indicateurs;020.08;Production séche (volume);3325392;OUI
SAANR_FOURRAGE_2;2002;FR;METRO;NR75;23;Cultures développées;3.12.1.12;Prairies temporaires;Groupe d'indicateurs;020.08;Production séche (volume);3295168;OUI
SAANR_FOURRAGE_2;2002;FR;METRO;NR75;24;Cultures développées;3.12.1.12;Prairies temporaires;Groupe d'indicateurs;020.08;Production séche (volume);3734087;OUI
SAANR_FOURRAGE_2;2002;FR;METRO;NR75;33;Cultures développées;3.12.1.12;Prairies temporaires;Groupe d'indicateurs;020.08;Production séche (volume);536945;OUI
SAANR_FOURRAGE_2;2002;FR;METRO;NR75;40;Cultures développées;3.12.1.12;Prairies temporaires;Groupe d'indicateurs;020.08;Production séche (volume);1223232;OUI
SAANR_FOURRAGE_2;2002;FR;METRO;NR75;47;Cultures développées;3.12.1.12;Prairies temporaires;Groupe d'indicateurs;020.08;Production séche (volume);983840;OUI
SAANR_FOURRAGE_2;2002;FR;METRO;NR75;64;Cultures développées;3.12.1.12;Prairies temporaires;Groupe d'indicateurs;020.08;Production séche (volume);6154838;OUI
SAANR_FOURRAGE_2;2002;FR;METRO;NR75;79;Cultures développées;3.12.1.12;Prairies temporaires;Groupe d'indicateurs;020.08;Production séche (volume);5986880;OUI
SAANR_FOURRAGE_2;2002;FR;METRO;NR75;86;Cultures développées;3.12.1.12;Prairies temporaires;Groupe d'indicateurs;020.08;Production séche (volume);4029155;OUI
SAANR_FOURRAGE_2;2002;FR;METRO;NR75;87;Cultures développées;3.12.1.12;Prairies temporaires;Groupe d'indicateurs;020.08;Production séche (volume);6627348;OUI
SAANR_FOURRAGE_2;2002;FR;METRO;NR75;16;Cultures développées;3.12.1.12;Prairies temporaires;Groupe d'indicateurs;050.07;Superficie concernée;45833;OUI
SAANR_FOURRAGE_2;2002;FR;METRO;NR75;17;Cultures développées;3.12.1.12;Prairies temporaires;Groupe d'indicateurs;050.07;Superficie concernée;13337;OUI
SAANR_FOURRAGE_2;2002;FR;METRO;NR75;19;Cultures développées;3.12.1.12;Prairies temporaires;Groupe d'indicateurs;050.07;Superficie concernée;46186;OUI
SAANR_FOURRAGE_2;2002;FR;METRO;NR75;23;Cultures développées;3.12.1.12;Prairies temporaires;Groupe d'indicateurs;050.07;Superficie concernée;51487;OUI
SAANR_FOURRAGE_2;2002;FR;METRO;NR75;24;Cultures développées;3.12.1.12;Prairies temporaires;Groupe d'indicateurs;050.07;Superficie concernée;44989;OUI
SAANR_FOURRAGE_2;2002;FR;METRO;NR75;33;Cultures développées;3.12.1.12;Prairies temporaires;Groupe d'indicateurs;050.07;Superficie concernée;6317;OUI
SAANR_FOURRAGE_2;2002;FR;METRO;NR75;40;Cultures développées;3.12.1.12;Prairies temporaires;Groupe d'indicateurs;050.07;Superficie concernée;12742;OUI
SAANR_FOURRAGE_2;2002;FR;METRO;NR75;47;Cultures développées;3.12.1.12;Prairies temporaires;Groupe d'indicateurs;050.07;Superficie concernée;17888;OUI
SAANR_FOURRAGE_2;2002;FR;METRO;NR75;64;Cultures développées;3.12.1.12;Prairies temporaires;Groupe d'indicateurs;050.07;Superficie concernée;65477;OUI
SAANR_FOURRAGE_2;2002;FR;METRO;NR75;79;Cultures développées;3.12.1.12;Prairies temporaires;Groupe d'indicateurs;050.07;Superficie concernée;74836;OUI
SAANR_FOURRAGE_2;2002;FR;METRO;NR75;86;Cultures développées;3.12.1.12;Prairies temporaires;Groupe d'indicateurs;050.07;Superficie concernée;61987;OUI
SAANR_FOURRAGE_2;2002;FR;METRO;NR75;87;Cultures développées;3.12.1.12;Prairies temporaires;Groupe d'indicateurs;050.07;Superficie concernée;78897;OUI
SAANR_FOURRAGE_2;2002;FR;METRO;NR75;16;Cultures développées;3.12.1.12;Prairies temporaires;Groupe d'indicateurs;070.02;Rendement matière sèche;73;OUI
SAANR_FOURRAGE_2;2002;FR;METRO;NR75;17;Cultures développées;3.12.1.12;Prairies temporaires;Groupe d'indicateurs;070.02;Rendement matière sèche;82;OUI
SAANR_FOURRAGE_2;2002;FR;METRO;NR75;19;Cultures développées;3.12.1.12;Prairies temporaires;Groupe d'indicateurs;070.02;Rendement matière sèche;72;OUI
SAANR_FOURRAGE_2;2002;FR;METRO;NR75;23;Cultures développées;3.12.1.12;Prairies temporaires;Groupe d'indicateurs;070.02;Rendement matière sèche;64;OUI
SAANR_FOURRAGE_2;2002;FR;METRO;NR75;24;Cultures développées;3.12.1.12;Prairies temporaires;Groupe d'indicateurs;070.02;Rendement matière sèche;83;OUI
SAANR_FOURRAGE_2;2002;FR;METRO;NR75;33;Cultures développées;3.12.1.12;Prairies temporaires;Groupe d'indicateurs;070.02;Rendement matière sèche;85;OUI
SAANR_FOURRAGE_2;2002;FR;METRO;NR75;40;Cultures développées;3.12.1.12;Prairies temporaires;Groupe d'indicateurs;070.02;Rendement matière sèche;96;OUI
SAANR_FOURRAGE_2;2002;FR;METRO;NR75;47;Cultures développées;3.12.1.12;Prairies temporaires;Groupe d'indicateurs;070.02;Rendement matière sèche;55;OUI
SAANR_FOURRAGE_2;2002;FR;METRO;NR75;64;Cultures développées;3.12.1.12;Prairies temporaires;Groupe d'indicateurs;070.02;Rendement matière sèche;94;OUI
SAANR_FOURRAGE_2;2002;FR;METRO;NR75;79;Cultures développées;3.12.1.12;Prairies temporaires;Groupe d'indicateurs;070.02;Rendement matière sèche;80;OUI
SAANR_FOURRAGE_2;2002;FR;METRO;NR75;86;Cultures développées;3.12.1.12;Prairies temporaires;Groupe d'indicateurs;070.02;Rendement matière sèche;65;OUI
SAANR_FOURRAGE_2;2002;FR;METRO;NR75;87;Cultures développées;3.12.1.12;Prairies temporaires;Groupe d'indicateurs;070.02;Rendement matière sèche;84;OUI
SAANR_FOURRAGE_2;2002;FR;METRO;NR75;16;Cultures développées;3.12.2;Superficie toujours en herbe (STH);Groupe d'indicateurs;020.08;Production séche (volume);3115164;OUI
SAANR_FOURRAGE_2;2002;FR;METRO;NR75;17;Cultures développées;3.12.2;Superficie toujours en herbe (STH);Groupe d'indicateurs;020.08;Production séche (volume);2274964;OUI
SAANR_FOURRAGE_2;2002;FR;METRO;NR75;19;Cultures développées;3.12.2;Superficie toujours en herbe (STH);Groupe d'indicateurs;020.08;Production séche (volume);8934845;OUI
SAANR_FOURRAGE_2;2002;FR;METRO;NR75;23;Cultures développées;3.12.2;Superficie toujours en herbe (STH);Groupe d'indicateurs;020.08;Production séche (volume);10989126;OUI
SAANR_FOURRAGE_2;2002;FR;METRO;NR75;24;Cultures développées;3.12.2;Superficie toujours en herbe (STH);Groupe d'indicateurs;020.08;Production séche (volume);7836808;OUI
SAANR_FOURRAGE_2;2002;FR;METRO;NR75;33;Cultures développées;3.12.2;Superficie toujours en herbe (STH);Groupe d'indicateurs;020.08;Production séche (volume);2666277;OUI
SAANR_FOURRAGE_2;2002;FR;METRO;NR75;40;Cultures développées;3.12.2;Superficie toujours en herbe (STH);Groupe d'indicateurs;020.08;Production séche (volume);1076553;OUI
SAANR_FOURRAGE_2;2002;FR;METRO;NR75;47;Cultures développées;3.12.2;Superficie toujours en herbe (STH);Groupe d'indicateurs;020.08;Production séche (volume);1397916;OUI
SAANR_FOURRAGE_2;2002;FR;METRO;NR75;64;Cultures développées;3.12.2;Superficie toujours en herbe (STH);Groupe d'indicateurs;020.08;Production séche (volume);13311081;OUI
SAANR_FOURRAGE_2;2002;FR;METRO;NR75;79;Cultures développées;3.12.2;Superficie toujours en herbe (STH);Groupe d'indicateurs;020.08;Production séche (volume);3780488;OUI
SAANR_FOURRAGE_2;2002;FR;METRO;NR75;86;Cultures développées;3.12.2;Superficie toujours en herbe (STH);Groupe d'indicateurs;020.08;Production séche (volume);1852362;OUI
SAANR_FOURRAGE_2;2002;FR;METRO;NR75;87;Cultures développées;3.12.2;Superficie toujours en herbe (STH);Groupe d'indicateurs;020.08;Production séche (volume);11830660;OUI
SAANR_FOURRAGE_2;2002;FR;METRO;NR75;16;Cultures développées;3.12.2;Superficie toujours en herbe (STH);Groupe d'indicateurs;050.07;Superficie concernée;57564;OUI
SAANR_FOURRAGE_2;2002;FR;METRO;NR75;17;Cultures développées;3.12.2;Superficie toujours en herbe (STH);Groupe d'indicateurs;050.07;Superficie concernée;54737;OUI
SAANR_FOURRAGE_2;2002;FR;METRO;NR75;19;Cultures développées;3.12.2;Superficie toujours en herbe (STH);Groupe d'indicateurs;050.07;Superficie concernée;171679;OUI
SAANR_FOURRAGE_2;2002;FR;METRO;NR75;23;Cultures développées;3.12.2;Superficie toujours en herbe (STH);Groupe d'indicateurs;050.07;Superficie concernée;227142;OUI
SAANR_FOURRAGE_2;2002;FR;METRO;NR75;24;Cultures développées;3.12.2;Superficie toujours en herbe (STH);Groupe d'indicateurs;050.07;Superficie concernée;175620;OUI
SAANR_FOURRAGE_2;2002;FR;METRO;NR75;33;Cultures développées;3.12.2;Superficie toujours en herbe (STH);Groupe d'indicateurs;050.07;Superficie concernée;56205;OUI
SAANR_FOURRAGE_2;2002;FR;METRO;NR75;40;Cultures développées;3.12.2;Superficie toujours en herbe (STH);Groupe d'indicateurs;050.07;Superficie concernée;17657;OUI
SAANR_FOURRAGE_2;2002;FR;METRO;NR75;47;Cultures développées;3.12.2;Superficie toujours en herbe (STH);Groupe d'indicateurs;050.07;Superficie concernée;35844;OUI
SAANR_FOURRAGE_2;2002;FR;METRO;NR75;64;Cultures développées;3.12.2;Superficie toujours en herbe (STH);Groupe d'indicateurs;050.07;Superficie concernée;248791;OUI
SAANR_FOURRAGE_2;2002;FR;METRO;NR75;79;Cultures développées;3.12.2;Superficie toujours en herbe (STH);Groupe d'indicateurs;050.07;Superficie concernée;90893;OUI
SAANR_FOURRAGE_2;2002;FR;METRO;NR75;86;Cultures développées;3.12.2;Superficie toujours en herbe (STH);Groupe d'indicateurs;050.07;Superficie concernée;44180;OUI
SAANR_FOURRAGE_2;2002;FR;METRO;NR75;87;Cultures développées;3.12.2;Superficie toujours en herbe (STH);Groupe d'indicateurs;050.07;Superficie concernée;179158;OUI
SAANR_FOURRAGE_2;2002;FR;METRO;NR75;16;Cultures développées;3.12.2;Superficie toujours en herbe (STH);Groupe d'indicateurs;070.02;Rendement matière sèche;54.1;OUI
SAANR_FOURRAGE_2;2002;FR;METRO;NR75;17;Cultures développées;3.12.2;Superficie toujours en herbe (STH);Groupe d'indicateurs;070.02;Rendement matière sèche;41.6;OUI
SAANR_FOURRAGE_2;2002;FR;METRO;NR75;19;Cultures développées;3.12.2;Superficie toujours en herbe (STH);Groupe d'indicateurs;070.02;Rendement matière sèche;52;OUI
SAANR_FOURRAGE_2;2002;FR;METRO;NR75;23;Cultures développées;3.12.2;Superficie toujours en herbe (STH);Groupe d'indicateurs;070.02;Rendement matière sèche;48.4;OUI
SAANR_FOURRAGE_2;2002;FR;METRO;NR75;24;Cultures développées;3.12.2;Superficie toujours en herbe (STH);Groupe d'indicateurs;070.02;Rendement matière sèche;44.6;OUI
SAANR_FOURRAGE_2;2002;FR;METRO;NR75;33;Cultures développées;3.12.2;Superficie toujours en herbe (STH);Groupe d'indicateurs;070.02;Rendement matière sèche;47.4;OUI
SAANR_FOURRAGE_2;2002;FR;METRO;NR75;40;Cultures développées;3.12.2;Superficie toujours en herbe (STH);Groupe d'indicateurs;070.02;Rendement matière sèche;61;OUI
SAANR_FOURRAGE_2;2002;FR;METRO;NR75;47;Cultures développées;3.12.2;Superficie toujours en herbe (STH);Groupe d'indicateurs;070.02;Rendement matière sèche;39;OUI
SAANR_FOURRAGE_2;2002;FR;METRO;NR75;64;Cultures développées;3.12.2;Superficie toujours en herbe (STH);Groupe d'indicateurs;070.02;Rendement matière sèche;53.5;OUI
SAANR_FOURRAGE_2;2002;FR;METRO;NR75;79;Cultures développées;3.12.2;Superficie toujours en herbe (STH);Groupe d'indicateurs;070.02;Rendement matière sèche;41.6;OUI
SAANR_FOURRAGE_2;2002;FR;METRO;NR75;86;Cultures développées;3.12.2;Superficie toujours en herbe (STH);Groupe d'indicateurs;070.02;Rendement matière sèche;41.9;OUI
SAANR_FOURRAGE_2;2002;FR;METRO;NR75;87;Cultures développées;3.12.2;Superficie toujours en herbe (STH);Groupe d'indicateurs;070.02;Rendement matière sèche;66;OUI
SAANR_FOURRAGE_2;2002;FR;METRO;NR75;16;Cultures développées;3.12.2.11;Prairies naturelles ou semées depuis plus de 6 ans;Groupe d'indicateurs;020.08;Production séche (volume);3055884;OUI
SAANR_FOURRAGE_2;2002;FR;METRO;NR75;17;Cultures développées;3.12.2.11;Prairies naturelles ou semées depuis plus de 6 ans;Groupe d'indicateurs;020.08;Production séche (volume);2163744;OUI
SAANR_FOURRAGE_2;2002;FR;METRO;NR75;19;Cultures développées;3.12.2.11;Prairies naturelles ou semées depuis plus de 6 ans;Groupe d'indicateurs;020.08;Production séche (volume);8325845;OUI
SAANR_FOURRAGE_2;2002;FR;METRO;NR75;23;Cultures développées;3.12.2.11;Prairies naturelles ou semées depuis plus de 6 ans;Groupe d'indicateurs;020.08;Production séche (volume);10353126;OUI
SAANR_FOURRAGE_2;2002;FR;METRO;NR75;24;Cultures développées;3.12.2.11;Prairies naturelles ou semées depuis plus de 6 ans;Groupe d'indicateurs;020.08;Production séche (volume);7383598;OUI
SAANR_FOURRAGE_2;2002;FR;METRO;NR75;33;Cultures développées;3.12.2.11;Prairies naturelles ou semées depuis plus de 6 ans;Groupe d'indicateurs;020.08;Production séche (volume);2557089;OUI
SAANR_FOURRAGE_2;2002;FR;METRO;NR75;40;Cultures développées;3.12.2.11;Prairies naturelles ou semées depuis plus de 6 ans;Groupe d'indicateurs;020.08;Production séche (volume);735183;OUI
SAANR_FOURRAGE_2;2002;FR;METRO;NR75;47;Cultures développées;3.12.2.11;Prairies naturelles ou semées depuis plus de 6 ans;Groupe d'indicateurs;020.08;Production séche (volume);1286337;OUI
SAANR_FOURRAGE_2;2002;FR;METRO;NR75;64;Cultures développées;3.12.2.11;Prairies naturelles ou semées depuis plus de 6 ans;Groupe d'indicateurs;020.08;Production séche (volume);8843366;OUI
SAANR_FOURRAGE_2;2002;FR;METRO;NR75;79;Cultures développées;3.12.2.11;Prairies naturelles ou semées depuis plus de 6 ans;Groupe d'indicateurs;020.08;Production séche (volume);3646486;OUI
SAANR_FOURRAGE_2;2002;FR;METRO;NR75;86;Cultures développées;3.12.2.11;Prairies naturelles ou semées depuis plus de 6 ans;Groupe d'indicateurs;020.08;Production séche (volume);1788402;OUI
SAANR_FOURRAGE_2;2002;FR;METRO;NR75;87;Cultures développées;3.12.2.11;Prairies naturelles ou semées depuis plus de 6 ans;Groupe d'indicateurs;020.08;Production séche (volume);11505060;OUI
SAANR_FOURRAGE_2;2002;FR;METRO;NR75;16;Cultures développées;3.12.2.11;Prairies naturelles ou semées depuis plus de 6 ans;Groupe d'indicateurs;050.07;Superficie concernée;53612;OUI
SAANR_FOURRAGE_2;2002;FR;METRO;NR75;17;Cultures développées;3.12.2.11;Prairies naturelles ou semées depuis plus de 6 ans;Groupe d'indicateurs;050.07;Superficie concernée;49176;OUI
SAANR_FOURRAGE_2;2002;FR;METRO;NR75;19;Cultures développées;3.12.2.11;Prairies naturelles ou semées depuis plus de 6 ans;Groupe d'indicateurs;050.07;Superficie concernée;151379;OUI
SAANR_FOURRAGE_2;2002;FR;METRO;NR75;23;Cultures développées;3.12.2.11;Prairies naturelles ou semées depuis plus de 6 ans;Groupe d'indicateurs;050.07;Superficie concernée;195342;OUI
SAANR_FOURRAGE_2;2002;FR;METRO;NR75;24;Cultures développées;3.12.2.11;Prairies naturelles ou semées depuis plus de 6 ans;Groupe d'indicateurs;050.07;Superficie concernée;160513;OUI
SAANR_FOURRAGE_2;2002;FR;METRO;NR75;33;Cultures développées;3.12.2.11;Prairies naturelles ou semées depuis plus de 6 ans;Groupe d'indicateurs;050.07;Superficie concernée;50139;OUI
SAANR_FOURRAGE_2;2002;FR;METRO;NR75;40;Cultures développées;3.12.2.11;Prairies naturelles ou semées depuis plus de 6 ans;Groupe d'indicateurs;050.07;Superficie concernée;10071;OUI
SAANR_FOURRAGE_2;2002;FR;METRO;NR75;47;Cultures développées;3.12.2.11;Prairies naturelles ou semées depuis plus de 6 ans;Groupe d'indicateurs;050.07;Superficie concernée;32983;OUI
SAANR_FOURRAGE_2;2002;FR;METRO;NR75;64;Cultures développées;3.12.2.11;Prairies naturelles ou semées depuis plus de 6 ans;Groupe d'indicateurs;050.07;Superficie concernée;121142;OUI
SAANR_FOURRAGE_2;2002;FR;METRO;NR75;79;Cultures développées;3.12.2.11;Prairies naturelles ou semées depuis plus de 6 ans;Groupe d'indicateurs;050.07;Superficie concernée;84802;OUI
SAANR_FOURRAGE_2;2002;FR;METRO;NR75;86;Cultures développées;3.12.2.11;Prairies naturelles ou semées depuis plus de 6 ans;Groupe d'indicateurs;050.07;Superficie concernée;42581;OUI
SAANR_FOURRAGE_2;2002;FR;METRO;NR75;87;Cultures développées;3.12.2.11;Prairies naturelles ou semées depuis plus de 6 ans;Groupe d'indicateurs;050.07;Superficie concernée;164358;OUI
SAANR_FOURRAGE_2;2002;FR;METRO;NR75;16;Cultures développées;3.12.2.11;Prairies naturelles ou semées depuis plus de 6 ans;Groupe d'indicateurs;070.02;Rendement matière sèche;57;OUI
SAANR_FOURRAGE_2;2002;FR;METRO;NR75;17;Cultures développées;3.12.2.11;Prairies naturelles ou semées depuis plus de 6 ans;Groupe d'indicateurs;070.02;Rendement matière sèche;44;OUI
SAANR_FOURRAGE_2;2002;FR;METRO;NR75;19;Cultures développées;3.12.2.11;Prairies naturelles ou semées depuis plus de 6 ans;Groupe d'indicateurs;070.02;Rendement matière sèche;55;OUI
SAANR_FOURRAGE_2;2002;FR;METRO;NR75;23;Cultures développées;3.12.2.11;Prairies naturelles ou semées depuis plus de 6 ans;Groupe d'indicateurs;070.02;Rendement matière sèche;53;OUI
SAANR_FOURRAGE_2;2002;FR;METRO;NR75;24;Cultures développées;3.12.2.11;Prairies naturelles ou semées depuis plus de 6 ans;Groupe d'indicateurs;070.02;Rendement matière sèche;46;OUI
SAANR_FOURRAGE_2;2002;FR;METRO;NR75;33;Cultures développées;3.12.2.11;Prairies naturelles ou semées depuis plus de 6 ans;Groupe d'indicateurs;070.02;Rendement matière sèche;51;OUI
SAANR_FOURRAGE_2;2002;FR;METRO;NR75;40;Cultures développées;3.12.2.11;Prairies naturelles ou semées depuis plus de 6 ans;Groupe d'indicateurs;070.02;Rendement matière sèche;73;OUI
SAANR_FOURRAGE_2;2002;FR;METRO;NR75;47;Cultures développées;3.12.2.11;Prairies naturelles ou semées depuis plus de 6 ans;Groupe d'indicateurs;070.02;Rendement matière sèche;39;OUI
SAANR_FOURRAGE_2;2002;FR;METRO;NR75;64;Cultures développées;3.12.2.11;Prairies naturelles ou semées depuis plus de 6 ans;Groupe d'indicateurs;070.02;Rendement matière sèche;73;OUI
SAANR_FOURRAGE_2;2002;FR;METRO;NR75;79;Cultures développées;3.12.2.11;Prairies naturelles ou semées depuis plus de 6 ans;Groupe d'indicateurs;070.02;Rendement matière sèche;43;OUI
SAANR_FOURRAGE_2;2002;FR;METRO;NR75;86;Cultures développées;3.12.2.11;Prairies naturelles ou semées depuis plus de 6 ans;Groupe d'indicateurs;070.02;Rendement matière sèche;42;OUI
SAANR_FOURRAGE_2;2002;FR;METRO;NR75;87;Cultures développées;3.12.2.11;Prairies naturelles ou semées depuis plus de 6 ans;Groupe d'indicateurs;070.02;Rendement matière sèche;70;OUI
SAANR_FOURRAGE_2;2002;FR;METRO;NR75;16;Cultures développées;3.12.2.12;STH (Superficies toujours en herbe) peu productives (pâturages pauvres);Groupe d'indicateurs;020.08;Production séche (volume);59280;OUI
SAANR_FOURRAGE_2;2002;FR;METRO;NR75;17;Cultures développées;3.12.2.12;STH (Superficies toujours en herbe) peu productives (pâturages pauvres);Groupe d'indicateurs;020.08;Production séche (volume);111220;OUI
SAANR_FOURRAGE_2;2002;FR;METRO;NR75;19;Cultures développées;3.12.2.12;STH (Superficies toujours en herbe) peu productives (pâturages pauvres);Groupe d'indicateurs;020.08;Production séche (volume);609000;OUI
SAANR_FOURRAGE_2;2002;FR;METRO;NR75;23;Cultures développées;3.12.2.12;STH (Superficies toujours en herbe) peu productives (pâturages pauvres);Groupe d'indicateurs;020.08;Production séche (volume);636000;OUI
SAANR_FOURRAGE_2;2002;FR;METRO;NR75;24;Cultures développées;3.12.2.12;STH (Superficies toujours en herbe) peu productives (pâturages pauvres);Groupe d'indicateurs;020.08;Production séche (volume);453210;OUI
SAANR_FOURRAGE_2;2002;FR;METRO;NR75;33;Cultures développées;3.12.2.12;STH (Superficies toujours en herbe) peu productives (pâturages pauvres);Groupe d'indicateurs;020.08;Production séche (volume);109188;OUI
SAANR_FOURRAGE_2;2002;FR;METRO;NR75;40;Cultures développées;3.12.2.12;STH (Superficies toujours en herbe) peu productives (pâturages pauvres);Groupe d'indicateurs;020.08;Production séche (volume);341370;OUI
SAANR_FOURRAGE_2;2002;FR;METRO;NR75;47;Cultures développées;3.12.2.12;STH (Superficies toujours en herbe) peu productives (pâturages pauvres);Groupe d'indicateurs;020.08;Production séche (volume);111579;OUI
SAANR_FOURRAGE_2;2002;FR;METRO;NR75;64;Cultures développées;3.12.2.12;STH (Superficies toujours en herbe) peu productives (pâturages pauvres);Groupe d'indicateurs;020.08;Production séche (volume);4467715;OUI
SAANR_FOURRAGE_2;2002;FR;METRO;NR75;79;Cultures développées;3.12.2.12;STH (Superficies toujours en herbe) peu productives (pâturages pauvres);Groupe d'indicateurs;020.08;Production séche (volume);134002;OUI
SAANR_FOURRAGE_2;2002;FR;METRO;NR75;86;Cultures développées;3.12.2.12;STH (Superficies toujours en herbe) peu productives (pâturages pauvres);Groupe d'indicateurs;020.08;Production séche (volume);63960;OUI
SAANR_FOURRAGE_2;2002;FR;METRO;NR75;87;Cultures développées;3.12.2.12;STH (Superficies toujours en herbe) peu productives (pâturages pauvres);Groupe d'indicateurs;020.08;Production séche (volume);325600;OUI
SAANR_FOURRAGE_2;2002;FR;METRO;NR75;16;Cultures développées;3.12.2.12;STH (Superficies toujours en herbe) peu productives (pâturages pauvres);Groupe d'indicateurs;050.07;Superficie concernée;3952;OUI
SAANR_FOURRAGE_2;2002;FR;METRO;NR75;17;Cultures développées;3.12.2.12;STH (Superficies toujours en herbe) peu productives (pâturages pauvres);Groupe d'indicateurs;050.07;Superficie concernée;5561;OUI
SAANR_FOURRAGE_2;2002;FR;METRO;NR75;19;Cultures développées;3.12.2.12;STH (Superficies toujours en herbe) peu productives (pâturages pauvres);Groupe d'indicateurs;050.07;Superficie concernée;20300;OUI
SAANR_FOURRAGE_2;2002;FR;METRO;NR75;23;Cultures développées;3.12.2.12;STH (Superficies toujours en herbe) peu productives (pâturages pauvres);Groupe d'indicateurs;050.07;Superficie concernée;31800;OUI
SAANR_FOURRAGE_2;2002;FR;METRO;NR75;24;Cultures développées;3.12.2.12;STH (Superficies toujours en herbe) peu productives (pâturages pauvres);Groupe d'indicateurs;050.07;Superficie concernée;15107;OUI
SAANR_FOURRAGE_2;2002;FR;METRO;NR75;33;Cultures développées;3.12.2.12;STH (Superficies toujours en herbe) peu productives (pâturages pauvres);Groupe d'indicateurs;050.07;Superficie concernée;6066;OUI
SAANR_FOURRAGE_2;2002;FR;METRO;NR75;40;Cultures développées;3.12.2.12;STH (Superficies toujours en herbe) peu productives (pâturages pauvres);Groupe d'indicateurs;050.07;Superficie concernée;7586;OUI
SAANR_FOURRAGE_2;2002;FR;METRO;NR75;47;Cultures développées;3.12.2.12;STH (Superficies toujours en herbe) peu productives (pâturages pauvres);Groupe d'indicateurs;050.07;Superficie concernée;2861;OUI
SAANR_FOURRAGE_2;2002;FR;METRO;NR75;64;Cultures développées;3.12.2.12;STH (Superficies toujours en herbe) peu productives (pâturages pauvres);Groupe d'indicateurs;050.07;Superficie concernée;127649;OUI
SAANR_FOURRAGE_2;2002;FR;METRO;NR75;79;Cultures développées;3.12.2.12;STH (Superficies toujours en herbe) peu productives (pâturages pauvres);Groupe d'indicateurs;050.07;Superficie concernée;6091;OUI
SAANR_FOURRAGE_2;2002;FR;METRO;NR75;86;Cultures développées;3.12.2.12;STH (Superficies toujours en herbe) peu productives (pâturages pauvres);Groupe d'indicateurs;050.07;Superficie concernée;1599;OUI
SAANR_FOURRAGE_2;2002;FR;METRO;NR75;87;Cultures développées;3.12.2.12;STH (Superficies toujours en herbe) peu productives (pâturages pauvres);Groupe d'indicateurs;050.07;Superficie concernée;14800;OUI
SAANR_FOURRAGE_2;2002;FR;METRO;NR75;16;Cultures développées;3.12.2.12;STH (Superficies toujours en herbe) peu productives (pâturages pauvres);Groupe d'indicateurs;070.02;Rendement matière sèche;15;OUI
SAANR_FOURRAGE_2;2002;FR;METRO;NR75;17;Cultures développées;3.12.2.12;STH (Superficies toujours en herbe) peu productives (pâturages pauvres);Groupe d'indicateurs;070.02;Rendement matière sèche;20;OUI
SAANR_FOURRAGE_2;2002;FR;METRO;NR75;19;Cultures développées;3.12.2.12;STH (Superficies toujours en herbe) peu productives (pâturages pauvres);Groupe d'indicateurs;070.02;Rendement matière sèche;30;OUI
SAANR_FOURRAGE_2;2002;FR;METRO;NR75;23;Cultures développées;3.12.2.12;STH (Superficies toujours en herbe) peu productives (pâturages pauvres);Groupe d'indicateurs;070.02;Rendement matière sèche;20;OUI
SAANR_FOURRAGE_2;2002;FR;METRO;NR75;24;Cultures développées;3.12.2.12;STH (Superficies toujours en herbe) peu productives (pâturages pauvres);Groupe d'indicateurs;070.02;Rendement matière sèche;30;OUI
SAANR_FOURRAGE_2;2002;FR;METRO;NR75;33;Cultures développées;3.12.2.12;STH (Superficies toujours en herbe) peu productives (pâturages pauvres);Groupe d'indicateurs;070.02;Rendement matière sèche;18;OUI
SAANR_FOURRAGE_2;2002;FR;METRO;NR75;40;Cultures développées;3.12.2.12;STH (Superficies toujours en herbe) peu productives (pâturages pauvres);Groupe d'indicateurs;070.02;Rendement matière sèche;45;OUI
SAANR_FOURRAGE_2;2002;FR;METRO;NR75;47;Cultures développées;3.12.2.12;STH (Superficies toujours en herbe) peu productives (pâturages pauvres);Groupe d'indicateurs;070.02;Rendement matière sèche;39;OUI
SAANR_FOURRAGE_2;2002;FR;METRO;NR75;64;Cultures développées;3.12.2.12;STH (Superficies toujours en herbe) peu productives (pâturages pauvres);Groupe d'indicateurs;070.02;Rendement matière sèche;35;OUI
SAANR_FOURRAGE_2;2002;FR;METRO;NR75;79;Cultures développées;3.12.2.12;STH (Superficies toujours en herbe) peu productives (pâturages pauvres);Groupe d'indicateurs;070.02;Rendement matière sèche;22;OUI
SAANR_FOURRAGE_2;2002;FR;METRO;NR75;86;Cultures développées;3.12.2.12;STH (Superficies toujours en herbe) peu productives (pâturages pauvres);Groupe d'indicateurs;070.02;Rendement matière sèche;40;OUI
SAANR_FOURRAGE_2;2002;FR;METRO;NR75;87;Cultures développées;3.12.2.12;STH (Superficies toujours en herbe) peu productives (pâturages pauvres);Groupe d'indicateurs;070.02;Rendement matière sèche;22;OUI
SAANR_FOURRAGE_2;2002;FR;METRO;NR76;09;Cultures développées;3;Fourrages annuels, prairies non permanentes et STH;Groupe d'indicateurs;020.08;Production séche (volume);4512840;OUI
SAANR_FOURRAGE_2;2002;FR;METRO;NR76;11;Cultures développées;3;Fourrages annuels, prairies non permanentes et STH;Groupe d'indicateurs;020.08;Production séche (volume);1470996;OUI
SAANR_FOURRAGE_2;2002;FR;METRO;NR76;12;Cultures développées;3;Fourrages annuels, prairies non permanentes et STH;Groupe d'indicateurs;020.08;Production séche (volume);25643882;OUI
SAANR_FOURRAGE_2;2002;FR;METRO;NR76;30;Cultures développées;3;Fourrages annuels, prairies non permanentes et STH;Groupe d'indicateurs;020.08;Production séche (volume);1019482;OUI
SAANR_FOURRAGE_2;2002;FR;METRO;NR76;31;Cultures développées;3;Fourrages annuels, prairies non permanentes et STH;Groupe d'indicateurs;020.08;Production séche (volume);4985663;OUI
SAANR_FOURRAGE_2;2002;FR;METRO;NR76;32;Cultures développées;3;Fourrages annuels, prairies non permanentes et STH;Groupe d'indicateurs;020.08;Production séche (volume);4450838;OUI
SAANR_FOURRAGE_2;2002;FR;METRO;NR76;34;Cultures développées;3;Fourrages annuels, prairies non permanentes et STH;Groupe d'indicateurs;020.08;Production séche (volume);511593;OUI
SAANR_FOURRAGE_2;2002;FR;METRO;NR76;46;Cultures développées;3;Fourrages annuels, prairies non permanentes et STH;Groupe d'indicateurs;020.08;Production séche (volume);5855570;OUI
SAANR_FOURRAGE_2;2002;FR;METRO;NR76;48;Cultures développées;3;Fourrages annuels, prairies non permanentes et STH;Groupe d'indicateurs;020.08;Production séche (volume);4429169;OUI
SAANR_FOURRAGE_2;2002;FR;METRO;NR76;65;Cultures développées;3;Fourrages annuels, prairies non permanentes et STH;Groupe d'indicateurs;020.08;Production séche (volume);6595870;OUI
SAANR_FOURRAGE_2;2002;FR;METRO;NR76;66;Cultures développées;3;Fourrages annuels, prairies non permanentes et STH;Groupe d'indicateurs;020.08;Production séche (volume);839852;OUI
SAANR_FOURRAGE_2;2002;FR;METRO;NR76;81;Cultures développées;3;Fourrages annuels, prairies non permanentes et STH;Groupe d'indicateurs;020.08;Production séche (volume);8131380;OUI
SAANR_FOURRAGE_2;2002;FR;METRO;NR76;82;Cultures développées;3;Fourrages annuels, prairies non permanentes et STH;Groupe d'indicateurs;020.08;Production séche (volume);2845904;OUI
SAANR_FOURRAGE_2;2002;FR;METRO;NR76;09;Cultures développées;3;Fourrages annuels, prairies non permanentes et STH;Groupe d'indicateurs;050.07;Superficie concernée;171250;OUI
SAANR_FOURRAGE_2;2002;FR;METRO;NR76;11;Cultures développées;3;Fourrages annuels, prairies non permanentes et STH;Groupe d'indicateurs;050.07;Superficie concernée;70530;OUI
SAANR_FOURRAGE_2;2002;FR;METRO;NR76;12;Cultures développées;3;Fourrages annuels, prairies non permanentes et STH;Groupe d'indicateurs;050.07;Superficie concernée;462678;OUI
SAANR_FOURRAGE_2;2002;FR;METRO;NR76;30;Cultures développées;3;Fourrages annuels, prairies non permanentes et STH;Groupe d'indicateurs;050.07;Superficie concernée;63447;OUI
SAANR_FOURRAGE_2;2002;FR;METRO;NR76;31;Cultures développées;3;Fourrages annuels, prairies non permanentes et STH;Groupe d'indicateurs;050.07;Superficie concernée;110206;OUI
SAANR_FOURRAGE_2;2002;FR;METRO;NR76;32;Cultures développées;3;Fourrages annuels, prairies non permanentes et STH;Groupe d'indicateurs;050.07;Superficie concernée;91914;OUI
SAANR_FOURRAGE_2;2002;FR;METRO;NR76;34;Cultures développées;3;Fourrages annuels, prairies non permanentes et STH;Groupe d'indicateurs;050.07;Superficie concernée;73816;OUI
SAANR_FOURRAGE_2;2002;FR;METRO;NR76;46;Cultures développées;3;Fourrages annuels, prairies non permanentes et STH;Groupe d'indicateurs;050.07;Superficie concernée;168664;OUI
SAANR_FOURRAGE_2;2002;FR;METRO;NR76;48;Cultures développées;3;Fourrages annuels, prairies non permanentes et STH;Groupe d'indicateurs;050.07;Superficie concernée;242365;OUI
SAANR_FOURRAGE_2;2002;FR;METRO;NR76;65;Cultures développées;3;Fourrages annuels, prairies non permanentes et STH;Groupe d'indicateurs;050.07;Superficie concernée;169090;OUI
SAANR_FOURRAGE_2;2002;FR;METRO;NR76;66;Cultures développées;3;Fourrages annuels, prairies non permanentes et STH;Groupe d'indicateurs;050.07;Superficie concernée;86140;OUI
SAANR_FOURRAGE_2;2002;FR;METRO;NR76;81;Cultures développées;3;Fourrages annuels, prairies non permanentes et STH;Groupe d'indicateurs;050.07;Superficie concernée;150601;OUI
SAANR_FOURRAGE_2;2002;FR;METRO;NR76;82;Cultures développées;3;Fourrages annuels, prairies non permanentes et STH;Groupe d'indicateurs;050.07;Superficie concernée;61380;OUI
SAANR_FOURRAGE_2;2002;FR;METRO;NR76;09;Cultures développées;3;Fourrages annuels, prairies non permanentes et STH;Groupe d'indicateurs;070.02;Rendement matière sèche;;OUI
SAANR_FOURRAGE_2;2002;FR;METRO;NR76;11;Cultures développées;3;Fourrages annuels, prairies non permanentes et STH;Groupe d'indicateurs;070.02;Rendement matière sèche;;OUI
SAANR_FOURRAGE_2;2002;FR;METRO;NR76;12;Cultures développées;3;Fourrages annuels, prairies non permanentes et STH;Groupe d'indicateurs;070.02;Rendement matière sèche;;OUI
SAANR_FOURRAGE_2;2002;FR;METRO;NR76;30;Cultures développées;3;Fourrages annuels, prairies non permanentes et STH;Groupe d'indicateurs;070.02;Rendement matière sèche;;OUI
SAANR_FOURRAGE_2;2002;FR;METRO;NR76;31;Cultures développées;3;Fourrages annuels, prairies non permanentes et STH;Groupe d'indicateurs;070.02;Rendement matière sèche;;OUI
SAANR_FOURRAGE_2;2002;FR;METRO;NR76;32;Cultures développées;3;Fourrages annuels, prairies non permanentes et STH;Groupe d'indicateurs;070.02;Rendement matière sèche;;OUI
SAANR_FOURRAGE_2;2002;FR;METRO;NR76;34;Cultures développées;3;Fourrages annuels, prairies non permanentes et STH;Groupe d'indicateurs;070.02;Rendement matière sèche;;OUI
SAANR_FOURRAGE_2;2002;FR;METRO;NR76;46;Cultures développées;3;Fourrages annuels, prairies non permanentes et STH;Groupe d'indicateurs;070.02;Rendement matière sèche;;OUI
SAANR_FOURRAGE_2;2002;FR;METRO;NR76;48;Cultures développées;3;Fourrages annuels, prairies non permanentes et STH;Groupe d'indicateurs;070.02;Rendement matière sèche;;OUI
SAANR_FOURRAGE_2;2002;FR;METRO;NR76;65;Cultures développées;3;Fourrages annuels, prairies non permanentes et STH;Groupe d'indicateurs;070.02;Rendement matière sèche;;OUI
SAANR_FOURRAGE_2;2002;FR;METRO;NR76;66;Cultures développées;3;Fourrages annuels, prairies non permanentes et STH;Groupe d'indicateurs;070.02;Rendement matière sèche;;OUI
SAANR_FOURRAGE_2;2002;FR;METRO;NR76;81;Cultures développées;3;Fourrages annuels, prairies non permanentes et STH;Groupe d'indicateurs;070.02;Rendement matière sèche;;OUI
SAANR_FOURRAGE_2;2002;FR;METRO;NR76;82;Cultures développées;3;Fourrages annuels, prairies non permanentes et STH;Groupe d'indicateurs;070.02;Rendement matière sèche;;OUI
SAANR_FOURRAGE_2;2002;FR;METRO;NR76;09;Cultures développées;3.11;Fourrages annuels;Groupe d'indicateurs;020.08;Production séche (volume);533386;OUI
SAANR_FOURRAGE_2;2002;FR;METRO;NR76;11;Cultures développées;3.11;Fourrages annuels;Groupe d'indicateurs;020.08;Production séche (volume);96077;OUI
SAANR_FOURRAGE_2;2002;FR;METRO;NR76;12;Cultures développées;3.11;Fourrages annuels;Groupe d'indicateurs;020.08;Production séche (volume);1880000;OUI
SAANR_FOURRAGE_2;2002;FR;METRO;NR76;30;Cultures développées;3.11;Fourrages annuels;Groupe d'indicateurs;020.08;Production séche (volume);6986;OUI
SAANR_FOURRAGE_2;2002;FR;METRO;NR76;31;Cultures développées;3.11;Fourrages annuels;Groupe d'indicateurs;020.08;Production séche (volume);722276;OUI
SAANR_FOURRAGE_2;2002;FR;METRO;NR76;32;Cultures développées;3.11;Fourrages annuels;Groupe d'indicateurs;020.08;Production séche (volume);476098;OUI
SAANR_FOURRAGE_2;2002;FR;METRO;NR76;34;Cultures développées;3.11;Fourrages annuels;Groupe d'indicateurs;020.08;Production séche (volume);9430;OUI
SAANR_FOURRAGE_2;2002;FR;METRO;NR76;46;Cultures développées;3.11;Fourrages annuels;Groupe d'indicateurs;020.08;Production séche (volume);771392;OUI
SAANR_FOURRAGE_2;2002;FR;METRO;NR76;48;Cultures développées;3.11;Fourrages annuels;Groupe d'indicateurs;020.08;Production séche (volume);15740;OUI
SAANR_FOURRAGE_2;2002;FR;METRO;NR76;65;Cultures développées;3.11;Fourrages annuels;Groupe d'indicateurs;020.08;Production séche (volume);676020;OUI
SAANR_FOURRAGE_2;2002;FR;METRO;NR76;66;Cultures développées;3.11;Fourrages annuels;Groupe d'indicateurs;020.08;Production séche (volume);15610;OUI
SAANR_FOURRAGE_2;2002;FR;METRO;NR76;81;Cultures développées;3.11;Fourrages annuels;Groupe d'indicateurs;020.08;Production séche (volume);1240940;OUI
SAANR_FOURRAGE_2;2002;FR;METRO;NR76;82;Cultures développées;3.11;Fourrages annuels;Groupe d'indicateurs;020.08;Production séche (volume);619360;OUI
SAANR_FOURRAGE_2;2002;FR;METRO;NR76;09;Cultures développées;3.11;Fourrages annuels;Groupe d'indicateurs;050.07;Superficie concernée;5553;OUI
SAANR_FOURRAGE_2;2002;FR;METRO;NR76;11;Cultures développées;3.11;Fourrages annuels;Groupe d'indicateurs;050.07;Superficie concernée;1211;OUI
SAANR_FOURRAGE_2;2002;FR;METRO;NR76;12;Cultures développées;3.11;Fourrages annuels;Groupe d'indicateurs;050.07;Superficie concernée;17000;OUI
SAANR_FOURRAGE_2;2002;FR;METRO;NR76;30;Cultures développées;3.11;Fourrages annuels;Groupe d'indicateurs;050.07;Superficie concernée;231;OUI
SAANR_FOURRAGE_2;2002;FR;METRO;NR76;31;Cultures développées;3.11;Fourrages annuels;Groupe d'indicateurs;050.07;Superficie concernée;7348;OUI
SAANR_FOURRAGE_2;2002;FR;METRO;NR76;32;Cultures développées;3.11;Fourrages annuels;Groupe d'indicateurs;050.07;Superficie concernée;4109;OUI
SAANR_FOURRAGE_2;2002;FR;METRO;NR76;34;Cultures développées;3.11;Fourrages annuels;Groupe d'indicateurs;050.07;Superficie concernée;169;OUI
SAANR_FOURRAGE_2;2002;FR;METRO;NR76;46;Cultures développées;3.11;Fourrages annuels;Groupe d'indicateurs;050.07;Superficie concernée;7537;OUI
SAANR_FOURRAGE_2;2002;FR;METRO;NR76;48;Cultures développées;3.11;Fourrages annuels;Groupe d'indicateurs;050.07;Superficie concernée;367;OUI
SAANR_FOURRAGE_2;2002;FR;METRO;NR76;65;Cultures développées;3.11;Fourrages annuels;Groupe d'indicateurs;050.07;Superficie concernée;6648;OUI
SAANR_FOURRAGE_2;2002;FR;METRO;NR76;66;Cultures développées;3.11;Fourrages annuels;Groupe d'indicateurs;050.07;Superficie concernée;380;OUI
SAANR_FOURRAGE_2;2002;FR;METRO;NR76;81;Cultures développées;3.11;Fourrages annuels;Groupe d'indicateurs;050.07;Superficie concernée;10121;OUI
SAANR_FOURRAGE_2;2002;FR;METRO;NR76;82;Cultures développées;3.11;Fourrages annuels;Groupe d'indicateurs;050.07;Superficie concernée;5122;OUI
SAANR_FOURRAGE_2;2002;FR;METRO;NR76;09;Cultures développées;3.11;Fourrages annuels;Groupe d'indicateurs;070.02;Rendement matière sèche;;OUI
SAANR_FOURRAGE_2;2002;FR;METRO;NR76;11;Cultures développées;3.11;Fourrages annuels;Groupe d'indicateurs;070.02;Rendement matière sèche;;OUI
SAANR_FOURRAGE_2;2002;FR;METRO;NR76;12;Cultures développées;3.11;Fourrages annuels;Groupe d'indicateurs;070.02;Rendement matière sèche;;OUI
SAANR_FOURRAGE_2;2002;FR;METRO;NR76;30;Cultures développées;3.11;Fourrages annuels;Groupe d'indicateurs;070.02;Rendement matière sèche;;OUI
SAANR_FOURRAGE_2;2002;FR;METRO;NR76;31;Cultures développées;3.11;Fourrages annuels;Groupe d'indicateurs;070.02;Rendement matière sèche;;OUI
SAANR_FOURRAGE_2;2002;FR;METRO;NR76;32;Cultures développées;3.11;Fourrages annuels;Groupe d'indicateurs;070.02;Rendement matière sèche;;OUI
SAANR_FOURRAGE_2;2002;FR;METRO;NR76;34;Cultures développées;3.11;Fourrages annuels;Groupe d'indicateurs;070.02;Rendement matière sèche;;OUI
SAANR_FOURRAGE_2;2002;FR;METRO;NR76;46;Cultures développées;3.11;Fourrages annuels;Groupe d'indicateurs;070.02;Rendement matière sèche;;OUI
SAANR_FOURRAGE_2;2002;FR;METRO;NR76;48;Cultures développées;3.11;Fourrages annuels;Groupe d'indicateurs;070.02;Rendement matière sèche;;OUI
SAANR_FOURRAGE_2;2002;FR;METRO;NR76;65;Cultures développées;3.11;Fourrages annuels;Groupe d'indicateurs;070.02;Rendement matière sèche;;OUI
SAANR_FOURRAGE_2;2002;FR;METRO;NR76;66;Cultures développées;3.11;Fourrages annuels;Groupe d'indicateurs;070.02;Rendement matière sèche;;OUI
SAANR_FOURRAGE_2;2002;FR;METRO;NR76;81;Cultures développées;3.11;Fourrages annuels;Groupe d'indicateurs;070.02;Rendement matière sèche;;OUI
SAANR_FOURRAGE_2;2002;FR;METRO;NR76;82;Cultures développées;3.11;Fourrages annuels;Groupe d'indicateurs;070.02;Rendement matière sèche;;OUI
SAANR_FOURRAGE_2;2002;FR;METRO;NR76;09;Cultures développées;3.11.1;Maïs fourrage et ensilage (plante entière);Groupe d'indicateurs;020.08;Production séche (volume);441616;OUI
SAANR_FOURRAGE_2;2002;FR;METRO;NR76;11;Cultures développées;3.11.1;Maïs fourrage et ensilage (plante entière);Groupe d'indicateurs;020.08;Production séche (volume);77580;OUI
SAANR_FOURRAGE_2;2002;FR;METRO;NR76;12;Cultures développées;3.11.1;Maïs fourrage et ensilage (plante entière);Groupe d'indicateurs;020.08;Production séche (volume);1740000;OUI
SAANR_FOURRAGE_2;2002;FR;METRO;NR76;30;Cultures développées;3.11.1;Maïs fourrage et ensilage (plante entière);Groupe d'indicateurs;020.08;Production séche (volume);490;OUI
SAANR_FOURRAGE_2;2002;FR;METRO;NR76;31;Cultures développées;3.11.1;Maïs fourrage et ensilage (plante entière);Groupe d'indicateurs;020.08;Production séche (volume);610176;OUI
SAANR_FOURRAGE_2;2002;FR;METRO;NR76;32;Cultures développées;3.11.1;Maïs fourrage et ensilage (plante entière);Groupe d'indicateurs;020.08;Production séche (volume);415898;OUI
SAANR_FOURRAGE_2;2002;FR;METRO;NR76;34;Cultures développées;3.11.1;Maïs fourrage et ensilage (plante entière);Groupe d'indicateurs;020.08;Production séche (volume);3430;OUI
SAANR_FOURRAGE_2;2002;FR;METRO;NR76;46;Cultures développées;3.11.1;Maïs fourrage et ensilage (plante entière);Groupe d'indicateurs;020.08;Production séche (volume);630692;OUI
SAANR_FOURRAGE_2;2002;FR;METRO;NR76;48;Cultures développées;3.11.1;Maïs fourrage et ensilage (plante entière);Groupe d'indicateurs;020.08;Production séche (volume);12600;OUI
SAANR_FOURRAGE_2;2002;FR;METRO;NR76;65;Cultures développées;3.11.1;Maïs fourrage et ensilage (plante entière);Groupe d'indicateurs;020.08;Production séche (volume);592020;OUI
SAANR_FOURRAGE_2;2002;FR;METRO;NR76;66;Cultures développées;3.11.1;Maïs fourrage et ensilage (plante entière);Groupe d'indicateurs;020.08;Production séche (volume);7200;OUI
SAANR_FOURRAGE_2;2002;FR;METRO;NR76;81;Cultures développées;3.11.1;Maïs fourrage et ensilage (plante entière);Groupe d'indicateurs;020.08;Production séche (volume);1108940;OUI
SAANR_FOURRAGE_2;2002;FR;METRO;NR76;82;Cultures développées;3.11.1;Maïs fourrage et ensilage (plante entière);Groupe d'indicateurs;020.08;Production séche (volume);568360;OUI
SAANR_FOURRAGE_2;2002;FR;METRO;NR76;09;Cultures développées;3.11.1;Maïs fourrage et ensilage (plante entière);Groupe d'indicateurs;050.07;Superficie concernée;3943;OUI
SAANR_FOURRAGE_2;2002;FR;METRO;NR76;11;Cultures développées;3.11.1;Maïs fourrage et ensilage (plante entière);Groupe d'indicateurs;050.07;Superficie concernée;862;OUI
SAANR_FOURRAGE_2;2002;FR;METRO;NR76;12;Cultures développées;3.11.1;Maïs fourrage et ensilage (plante entière);Groupe d'indicateurs;050.07;Superficie concernée;15000;OUI
SAANR_FOURRAGE_2;2002;FR;METRO;NR76;30;Cultures développées;3.11.1;Maïs fourrage et ensilage (plante entière);Groupe d'indicateurs;050.07;Superficie concernée;7;OUI
SAANR_FOURRAGE_2;2002;FR;METRO;NR76;31;Cultures développées;3.11.1;Maïs fourrage et ensilage (plante entière);Groupe d'indicateurs;050.07;Superficie concernée;5448;OUI
SAANR_FOURRAGE_2;2002;FR;METRO;NR76;32;Cultures développées;3.11.1;Maïs fourrage et ensilage (plante entière);Groupe d'indicateurs;050.07;Superficie concernée;3409;OUI
SAANR_FOURRAGE_2;2002;FR;METRO;NR76;34;Cultures développées;3.11.1;Maïs fourrage et ensilage (plante entière);Groupe d'indicateurs;050.07;Superficie concernée;49;OUI
SAANR_FOURRAGE_2;2002;FR;METRO;NR76;46;Cultures développées;3.11.1;Maïs fourrage et ensilage (plante entière);Groupe d'indicateurs;050.07;Superficie concernée;5437;OUI
SAANR_FOURRAGE_2;2002;FR;METRO;NR76;48;Cultures développées;3.11.1;Maïs fourrage et ensilage (plante entière);Groupe d'indicateurs;050.07;Superficie concernée;210;OUI
SAANR_FOURRAGE_2;2002;FR;METRO;NR76;65;Cultures développées;3.11.1;Maïs fourrage et ensilage (plante entière);Groupe d'indicateurs;050.07;Superficie concernée;5148;OUI
SAANR_FOURRAGE_2;2002;FR;METRO;NR76;66;Cultures développées;3.11.1;Maïs fourrage et ensilage (plante entière);Groupe d'indicateurs;050.07;Superficie concernée;90;OUI
SAANR_FOURRAGE_2;2002;FR;METRO;NR76;81;Cultures développées;3.11.1;Maïs fourrage et ensilage (plante entière);Groupe d'indicateurs;050.07;Superficie concernée;7921;OUI
SAANR_FOURRAGE_2;2002;FR;METRO;NR76;82;Cultures développées;3.11.1;Maïs fourrage et ensilage (plante entière);Groupe d'indicateurs;050.07;Superficie concernée;4372;OUI
SAANR_FOURRAGE_2;2002;FR;METRO;NR76;09;Cultures développées;3.11.1;Maïs fourrage et ensilage (plante entière);Groupe d'indicateurs;070.02;Rendement matière sèche;112;OUI
SAANR_FOURRAGE_2;2002;FR;METRO;NR76;11;Cultures développées;3.11.1;Maïs fourrage et ensilage (plante entière);Groupe d'indicateurs;070.02;Rendement matière sèche;90;OUI
SAANR_FOURRAGE_2;2002;FR;METRO;NR76;12;Cultures développées;3.11.1;Maïs fourrage et ensilage (plante entière);Groupe d'indicateurs;070.02;Rendement matière sèche;116;OUI
SAANR_FOURRAGE_2;2002;FR;METRO;NR76;30;Cultures développées;3.11.1;Maïs fourrage et ensilage (plante entière);Groupe d'indicateurs;070.02;Rendement matière sèche;70;OUI
SAANR_FOURRAGE_2;2002;FR;METRO;NR76;31;Cultures développées;3.11.1;Maïs fourrage et ensilage (plante entière);Groupe d'indicateurs;070.02;Rendement matière sèche;112;OUI
SAANR_FOURRAGE_2;2002;FR;METRO;NR76;32;Cultures développées;3.11.1;Maïs fourrage et ensilage (plante entière);Groupe d'indicateurs;070.02;Rendement matière sèche;122;OUI
SAANR_FOURRAGE_2;2002;FR;METRO;NR76;34;Cultures développées;3.11.1;Maïs fourrage et ensilage (plante entière);Groupe d'indicateurs;070.02;Rendement matière sèche;70;OUI
SAANR_FOURRAGE_2;2002;FR;METRO;NR76;46;Cultures développées;3.11.1;Maïs fourrage et ensilage (plante entière);Groupe d'indicateurs;070.02;Rendement matière sèche;116;OUI
SAANR_FOURRAGE_2;2002;FR;METRO;NR76;48;Cultures développées;3.11.1;Maïs fourrage et ensilage (plante entière);Groupe d'indicateurs;070.02;Rendement matière sèche;60;OUI
SAANR_FOURRAGE_2;2002;FR;METRO;NR76;65;Cultures développées;3.11.1;Maïs fourrage et ensilage (plante entière);Groupe d'indicateurs;070.02;Rendement matière sèche;115;OUI
SAANR_FOURRAGE_2;2002;FR;METRO;NR76;66;Cultures développées;3.11.1;Maïs fourrage et ensilage (plante entière);Groupe d'indicateurs;070.02;Rendement matière sèche;80;OUI
SAANR_FOURRAGE_2;2002;FR;METRO;NR76;81;Cultures développées;3.11.1;Maïs fourrage et ensilage (plante entière);Groupe d'indicateurs;070.02;Rendement matière sèche;140;OUI
SAANR_FOURRAGE_2;2002;FR;METRO;NR76;82;Cultures développées;3.11.1;Maïs fourrage et ensilage (plante entière);Groupe d'indicateurs;070.02;Rendement matière sèche;130;OUI
SAANR_FOURRAGE_2;2002;FR;METRO;NR76;09;Cultures développées;3.11.1.12;Maïs fourrage et ensilage (plante entière) non irrigué;Groupe d'indicateurs;020.08;Production séche (volume);441616;OUI
SAANR_FOURRAGE_2;2002;FR;METRO;NR76;11;Cultures développées;3.11.1.12;Maïs fourrage et ensilage (plante entière) non irrigué;Groupe d'indicateurs;020.08;Production séche (volume);77580;OUI
SAANR_FOURRAGE_2;2002;FR;METRO;NR76;12;Cultures développées;3.11.1.12;Maïs fourrage et ensilage (plante entière) non irrigué;Groupe d'indicateurs;020.08;Production séche (volume);1740000;OUI
SAANR_FOURRAGE_2;2002;FR;METRO;NR76;30;Cultures développées;3.11.1.12;Maïs fourrage et ensilage (plante entière) non irrigué;Groupe d'indicateurs;020.08;Production séche (volume);490;OUI
SAANR_FOURRAGE_2;2002;FR;METRO;NR76;31;Cultures développées;3.11.1.12;Maïs fourrage et ensilage (plante entière) non irrigué;Groupe d'indicateurs;020.08;Production séche (volume);610176;OUI
SAANR_FOURRAGE_2;2002;FR;METRO;NR76;32;Cultures développées;3.11.1.12;Maïs fourrage et ensilage (plante entière) non irrigué;Groupe d'indicateurs;020.08;Production séche (volume);415898;OUI
SAANR_FOURRAGE_2;2002;FR;METRO;NR76;34;Cultures développées;3.11.1.12;Maïs fourrage et ensilage (plante entière) non irrigué;Groupe d'indicateurs;020.08;Production séche (volume);3430;OUI
SAANR_FOURRAGE_2;2002;FR;METRO;NR76;46;Cultures développées;3.11.1.12;Maïs fourrage et ensilage (plante entière) non irrigué;Groupe d'indicateurs;020.08;Production séche (volume);630692;OUI
SAANR_FOURRAGE_2;2002;FR;METRO;NR76;48;Cultures développées;3.11.1.12;Maïs fourrage et ensilage (plante entière) non irrigué;Groupe d'indicateurs;020.08;Production séche (volume);12600;OUI
SAANR_FOURRAGE_2;2002;FR;METRO;NR76;65;Cultures développées;3.11.1.12;Maïs fourrage et ensilage (plante entière) non irrigué;Groupe d'indicateurs;020.08;Production séche (volume);592020;OUI
SAANR_FOURRAGE_2;2002;FR;METRO;NR76;66;Cultures développées;3.11.1.12;Maïs fourrage et ensilage (plante entière) non irrigué;Groupe d'indicateurs;020.08;Production séche (volume);7200;OUI
SAANR_FOURRAGE_2;2002;FR;METRO;NR76;81;Cultures développées;3.11.1.12;Maïs fourrage et ensilage (plante entière) non irrigué;Groupe d'indicateurs;020.08;Production séche (volume);1108940;OUI
SAANR_FOURRAGE_2;2002;FR;METRO;NR76;82;Cultures développées;3.11.1.12;Maïs fourrage et ensilage (plante entière) non irrigué;Groupe d'indicateurs;020.08;Production séche (volume);568360;OUI
SAANR_FOURRAGE_2;2002;FR;METRO;NR76;09;Cultures développées;3.11.1.12;Maïs fourrage et ensilage (plante entière) non irrigué;Groupe d'indicateurs;050.07;Superficie concernée;3943;OUI
SAANR_FOURRAGE_2;2002;FR;METRO;NR76;11;Cultures développées;3.11.1.12;Maïs fourrage et ensilage (plante entière) non irrigué;Groupe d'indicateurs;050.07;Superficie concernée;862;OUI
SAANR_FOURRAGE_2;2002;FR;METRO;NR76;12;Cultures développées;3.11.1.12;Maïs fourrage et ensilage (plante entière) non irrigué;Groupe d'indicateurs;050.07;Superficie concernée;15000;OUI
SAANR_FOURRAGE_2;2002;FR;METRO;NR76;30;Cultures développées;3.11.1.12;Maïs fourrage et ensilage (plante entière) non irrigué;Groupe d'indicateurs;050.07;Superficie concernée;7;OUI
SAANR_FOURRAGE_2;2002;FR;METRO;NR76;31;Cultures développées;3.11.1.12;Maïs fourrage et ensilage (plante entière) non irrigué;Groupe d'indicateurs;050.07;Superficie concernée;5448;OUI
SAANR_FOURRAGE_2;2002;FR;METRO;NR76;32;Cultures développées;3.11.1.12;Maïs fourrage et ensilage (plante entière) non irrigué;Groupe d'indicateurs;050.07;Superficie concernée;3409;OUI
SAANR_FOURRAGE_2;2002;FR;METRO;NR76;34;Cultures développées;3.11.1.12;Maïs fourrage et ensilage (plante entière) non irrigué;Groupe d'indicateurs;050.07;Superficie concernée;49;OUI
SAANR_FOURRAGE_2;2002;FR;METRO;NR76;46;Cultures développées;3.11.1.12;Maïs fourrage et ensilage (plante entière) non irrigué;Groupe d'indicateurs;050.07;Superficie concernée;5437;OUI
SAANR_FOURRAGE_2;2002;FR;METRO;NR76;48;Cultures développées;3.11.1.12;Maïs fourrage et ensilage (plante entière) non irrigué;Groupe d'indicateurs;050.07;Superficie concernée;210;OUI
SAANR_FOURRAGE_2;2002;FR;METRO;NR76;65;Cultures développées;3.11.1.12;Maïs fourrage et ensilage (plante entière) non irrigué;Groupe d'indicateurs;050.07;Superficie concernée;5148;OUI
SAANR_FOURRAGE_2;2002;FR;METRO;NR76;66;Cultures développées;3.11.1.12;Maïs fourrage et ensilage (plante entière) non irrigué;Groupe d'indicateurs;050.07;Superficie concernée;90;OUI
SAANR_FOURRAGE_2;2002;FR;METRO;NR76;81;Cultures développées;3.11.1.12;Maïs fourrage et ensilage (plante entière) non irrigué;Groupe d'indicateurs;050.07;Superficie concernée;7921;OUI
SAANR_FOURRAGE_2;2002;FR;METRO;NR76;82;Cultures développées;3.11.1.12;Maïs fourrage et ensilage (plante entière) non irrigué;Groupe d'indicateurs;050.07;Superficie concernée;4372;OUI
SAANR_FOURRAGE_2;2002;FR;METRO;NR76;09;Cultures développées;3.11.1.12;Maïs fourrage et ensilage (plante entière) non irrigué;Groupe d'indicateurs;070.02;Rendement matière sèche;112;OUI
SAANR_FOURRAGE_2;2002;FR;METRO;NR76;11;Cultures développées;3.11.1.12;Maïs fourrage et ensilage (plante entière) non irrigué;Groupe d'indicateurs;070.02;Rendement matière sèche;90;OUI
SAANR_FOURRAGE_2;2002;FR;METRO;NR76;12;Cultures développées;3.11.1.12;Maïs fourrage et ensilage (plante entière) non irrigué;Groupe d'indicateurs;070.02;Rendement matière sèche;116;OUI
SAANR_FOURRAGE_2;2002;FR;METRO;NR76;30;Cultures développées;3.11.1.12;Maïs fourrage et ensilage (plante entière) non irrigué;Groupe d'indicateurs;070.02;Rendement matière sèche;70;OUI
SAANR_FOURRAGE_2;2002;FR;METRO;NR76;31;Cultures développées;3.11.1.12;Maïs fourrage et ensilage (plante entière) non irrigué;Groupe d'indicateurs;070.02;Rendement matière sèche;112;OUI
SAANR_FOURRAGE_2;2002;FR;METRO;NR76;32;Cultures développées;3.11.1.12;Maïs fourrage et ensilage (plante entière) non irrigué;Groupe d'indicateurs;070.02;Rendement matière sèche;122;OUI
SAANR_FOURRAGE_2;2002;FR;METRO;NR76;34;Cultures développées;3.11.1.12;Maïs fourrage et ensilage (plante entière) non irrigué;Groupe d'indicateurs;070.02;Rendement matière sèche;70;OUI
SAANR_FOURRAGE_2;2002;FR;METRO;NR76;46;Cultures développées;3.11.1.12;Maïs fourrage et ensilage (plante entière) non irrigué;Groupe d'indicateurs;070.02;Rendement matière sèche;116;OUI
SAANR_FOURRAGE_2;2002;FR;METRO;NR76;48;Cultures développées;3.11.1.12;Maïs fourrage et ensilage (plante entière) non irrigué;Groupe d'indicateurs;070.02;Rendement matière sèche;60;OUI
SAANR_FOURRAGE_2;2002;FR;METRO;NR76;65;Cultures développées;3.11.1.12;Maïs fourrage et ensilage (plante entière) non irrigué;Groupe d'indicateurs;070.02;Rendement matière sèche;115;OUI
SAANR_FOURRAGE_2;2002;FR;METRO;NR76;66;Cultures développées;3.11.1.12;Maïs fourrage et ensilage (plante entière) non irrigué;Groupe d'indicateurs;070.02;Rendement matière sèche;80;OUI
SAANR_FOURRAGE_2;2002;FR;METRO;NR76;81;Cultures développées;3.11.1.12;Maïs fourrage et ensilage (plante entière) non irrigué;Groupe d'indicateurs;070.02;Rendement matière sèche;140;OUI
SAANR_FOURRAGE_2;2002;FR;METRO;NR76;82;Cultures développées;3.11.1.12;Maïs fourrage et ensilage (plante entière) non irrigué;Groupe d'indicateurs;070.02;Rendement matière sèche;130;OUI
SAANR_FOURRAGE_2;2002;FR;METRO;NR76;09;Cultures développées;3.11.9;Autres fourrages annuels, n.c.a.;Groupe d'indicateurs;020.08;Production séche (volume);91770;OUI
SAANR_FOURRAGE_2;2002;FR;METRO;NR76;11;Cultures développées;3.11.9;Autres fourrages annuels, n.c.a.;Groupe d'indicateurs;020.08;Production séche (volume);18497;OUI
SAANR_FOURRAGE_2;2002;FR;METRO;NR76;12;Cultures développées;3.11.9;Autres fourrages annuels, n.c.a.;Groupe d'indicateurs;020.08;Production séche (volume);140000;OUI
SAANR_FOURRAGE_2;2002;FR;METRO;NR76;30;Cultures développées;3.11.9;Autres fourrages annuels, n.c.a.;Groupe d'indicateurs;020.08;Production séche (volume);6496;OUI
SAANR_FOURRAGE_2;2002;FR;METRO;NR76;31;Cultures développées;3.11.9;Autres fourrages annuels, n.c.a.;Groupe d'indicateurs;020.08;Production séche (volume);112100;OUI
SAANR_FOURRAGE_2;2002;FR;METRO;NR76;32;Cultures développées;3.11.9;Autres fourrages annuels, n.c.a.;Groupe d'indicateurs;020.08;Production séche (volume);60200;OUI
SAANR_FOURRAGE_2;2002;FR;METRO;NR76;34;Cultures développées;3.11.9;Autres fourrages annuels, n.c.a.;Groupe d'indicateurs;020.08;Production séche (volume);6000;OUI
SAANR_FOURRAGE_2;2002;FR;METRO;NR76;46;Cultures développées;3.11.9;Autres fourrages annuels, n.c.a.;Groupe d'indicateurs;020.08;Production séche (volume);140700;OUI
SAANR_FOURRAGE_2;2002;FR;METRO;NR76;48;Cultures développées;3.11.9;Autres fourrages annuels, n.c.a.;Groupe d'indicateurs;020.08;Production séche (volume);3140;OUI
SAANR_FOURRAGE_2;2002;FR;METRO;NR76;65;Cultures développées;3.11.9;Autres fourrages annuels, n.c.a.;Groupe d'indicateurs;020.08;Production séche (volume);84000;OUI
SAANR_FOURRAGE_2;2002;FR;METRO;NR76;66;Cultures développées;3.11.9;Autres fourrages annuels, n.c.a.;Groupe d'indicateurs;020.08;Production séche (volume);8410;OUI
SAANR_FOURRAGE_2;2002;FR;METRO;NR76;81;Cultures développées;3.11.9;Autres fourrages annuels, n.c.a.;Groupe d'indicateurs;020.08;Production séche (volume);132000;OUI
SAANR_FOURRAGE_2;2002;FR;METRO;NR76;82;Cultures développées;3.11.9;Autres fourrages annuels, n.c.a.;Groupe d'indicateurs;020.08;Production séche (volume);51000;OUI
SAANR_FOURRAGE_2;2002;FR;METRO;NR76;09;Cultures développées;3.11.9;Autres fourrages annuels, n.c.a.;Groupe d'indicateurs;050.07;Superficie concernée;1610;OUI
SAANR_FOURRAGE_2;2002;FR;METRO;NR76;11;Cultures développées;3.11.9;Autres fourrages annuels, n.c.a.;Groupe d'indicateurs;050.07;Superficie concernée;349;OUI
SAANR_FOURRAGE_2;2002;FR;METRO;NR76;12;Cultures développées;3.11.9;Autres fourrages annuels, n.c.a.;Groupe d'indicateurs;050.07;Superficie concernée;2000;OUI
SAANR_FOURRAGE_2;2002;FR;METRO;NR76;30;Cultures développées;3.11.9;Autres fourrages annuels, n.c.a.;Groupe d'indicateurs;050.07;Superficie concernée;224;OUI
SAANR_FOURRAGE_2;2002;FR;METRO;NR76;31;Cultures développées;3.11.9;Autres fourrages annuels, n.c.a.;Groupe d'indicateurs;050.07;Superficie concernée;1900;OUI
SAANR_FOURRAGE_2;2002;FR;METRO;NR76;32;Cultures développées;3.11.9;Autres fourrages annuels, n.c.a.;Groupe d'indicateurs;050.07;Superficie concernée;700;OUI
SAANR_FOURRAGE_2;2002;FR;METRO;NR76;34;Cultures développées;3.11.9;Autres fourrages annuels, n.c.a.;Groupe d'indicateurs;050.07;Superficie concernée;120;OUI
SAANR_FOURRAGE_2;2002;FR;METRO;NR76;46;Cultures développées;3.11.9;Autres fourrages annuels, n.c.a.;Groupe d'indicateurs;050.07;Superficie concernée;2100;OUI
SAANR_FOURRAGE_2;2002;FR;METRO;NR76;48;Cultures développées;3.11.9;Autres fourrages annuels, n.c.a.;Groupe d'indicateurs;050.07;Superficie concernée;157;OUI
SAANR_FOURRAGE_2;2002;FR;METRO;NR76;65;Cultures développées;3.11.9;Autres fourrages annuels, n.c.a.;Groupe d'indicateurs;050.07;Superficie concernée;1500;OUI
SAANR_FOURRAGE_2;2002;FR;METRO;NR76;66;Cultures développées;3.11.9;Autres fourrages annuels, n.c.a.;Groupe d'indicateurs;050.07;Superficie concernée;290;OUI
SAANR_FOURRAGE_2;2002;FR;METRO;NR76;81;Cultures développées;3.11.9;Autres fourrages annuels, n.c.a.;Groupe d'indicateurs;050.07;Superficie concernée;2200;OUI
SAANR_FOURRAGE_2;2002;FR;METRO;NR76;82;Cultures développées;3.11.9;Autres fourrages annuels, n.c.a.;Groupe d'indicateurs;050.07;Superficie concernée;750;OUI
SAANR_FOURRAGE_2;2002;FR;METRO;NR76;09;Cultures développées;3.12;Prairies non permanentes et STH;Groupe d'indicateurs;020.08;Production séche (volume);3979454;OUI
SAANR_FOURRAGE_2;2002;FR;METRO;NR76;11;Cultures développées;3.12;Prairies non permanentes et STH;Groupe d'indicateurs;020.08;Production séche (volume);1374919;OUI
SAANR_FOURRAGE_2;2002;FR;METRO;NR76;12;Cultures développées;3.12;Prairies non permanentes et STH;Groupe d'indicateurs;020.08;Production séche (volume);23763882;OUI
SAANR_FOURRAGE_2;2002;FR;METRO;NR76;30;Cultures développées;3.12;Prairies non permanentes et STH;Groupe d'indicateurs;020.08;Production séche (volume);1012496;OUI
SAANR_FOURRAGE_2;2002;FR;METRO;NR76;31;Cultures développées;3.12;Prairies non permanentes et STH;Groupe d'indicateurs;020.08;Production séche (volume);4263387;OUI
SAANR_FOURRAGE_2;2002;FR;METRO;NR76;32;Cultures développées;3.12;Prairies non permanentes et STH;Groupe d'indicateurs;020.08;Production séche (volume);3974740;OUI
SAANR_FOURRAGE_2;2002;FR;METRO;NR76;34;Cultures développées;3.12;Prairies non permanentes et STH;Groupe d'indicateurs;020.08;Production séche (volume);502163;OUI
SAANR_FOURRAGE_2;2002;FR;METRO;NR76;46;Cultures développées;3.12;Prairies non permanentes et STH;Groupe d'indicateurs;020.08;Production séche (volume);5084178;OUI
SAANR_FOURRAGE_2;2002;FR;METRO;NR76;48;Cultures développées;3.12;Prairies non permanentes et STH;Groupe d'indicateurs;020.08;Production séche (volume);4413429;OUI
SAANR_FOURRAGE_2;2002;FR;METRO;NR76;65;Cultures développées;3.12;Prairies non permanentes et STH;Groupe d'indicateurs;020.08;Production séche (volume);5919850;OUI
SAANR_FOURRAGE_2;2002;FR;METRO;NR76;66;Cultures développées;3.12;Prairies non permanentes et STH;Groupe d'indicateurs;020.08;Production séche (volume);824242;OUI
SAANR_FOURRAGE_2;2002;FR;METRO;NR76;81;Cultures développées;3.12;Prairies non permanentes et STH;Groupe d'indicateurs;020.08;Production séche (volume);6890440;OUI
SAANR_FOURRAGE_2;2002;FR;METRO;NR76;82;Cultures développées;3.12;Prairies non permanentes et STH;Groupe d'indicateurs;020.08;Production séche (volume);2226544;OUI
SAANR_FOURRAGE_2;2002;FR;METRO;NR76;09;Cultures développées;3.12;Prairies non permanentes et STH;Groupe d'indicateurs;050.07;Superficie concernée;165697;OUI
SAANR_FOURRAGE_2;2002;FR;METRO;NR76;11;Cultures développées;3.12;Prairies non permanentes et STH;Groupe d'indicateurs;050.07;Superficie concernée;69319;OUI
SAANR_FOURRAGE_2;2002;FR;METRO;NR76;12;Cultures développées;3.12;Prairies non permanentes et STH;Groupe d'indicateurs;050.07;Superficie concernée;445678;OUI
SAANR_FOURRAGE_2;2002;FR;METRO;NR76;30;Cultures développées;3.12;Prairies non permanentes et STH;Groupe d'indicateurs;050.07;Superficie concernée;63216;OUI
SAANR_FOURRAGE_2;2002;FR;METRO;NR76;31;Cultures développées;3.12;Prairies non permanentes et STH;Groupe d'indicateurs;050.07;Superficie concernée;102858;OUI
SAANR_FOURRAGE_2;2002;FR;METRO;NR76;32;Cultures développées;3.12;Prairies non permanentes et STH;Groupe d'indicateurs;050.07;Superficie concernée;87805;OUI
SAANR_FOURRAGE_2;2002;FR;METRO;NR76;34;Cultures développées;3.12;Prairies non permanentes et STH;Groupe d'indicateurs;050.07;Superficie concernée;73647;OUI
SAANR_FOURRAGE_2;2002;FR;METRO;NR76;46;Cultures développées;3.12;Prairies non permanentes et STH;Groupe d'indicateurs;050.07;Superficie concernée;161127;OUI
SAANR_FOURRAGE_2;2002;FR;METRO;NR76;48;Cultures développées;3.12;Prairies non permanentes et STH;Groupe d'indicateurs;050.07;Superficie concernée;241998;OUI
SAANR_FOURRAGE_2;2002;FR;METRO;NR76;65;Cultures développées;3.12;Prairies non permanentes et STH;Groupe d'indicateurs;050.07;Superficie concernée;162442;OUI
SAANR_FOURRAGE_2;2002;FR;METRO;NR76;66;Cultures développées;3.12;Prairies non permanentes et STH;Groupe d'indicateurs;050.07;Superficie concernée;85760;OUI
SAANR_FOURRAGE_2;2002;FR;METRO;NR76;81;Cultures développées;3.12;Prairies non permanentes et STH;Groupe d'indicateurs;050.07;Superficie concernée;140480;OUI
SAANR_FOURRAGE_2;2002;FR;METRO;NR76;82;Cultures développées;3.12;Prairies non permanentes et STH;Groupe d'indicateurs;050.07;Superficie concernée;56258;OUI
SAANR_FOURRAGE_2;2002;FR;METRO;NR76;09;Cultures développées;3.12;Prairies non permanentes et STH;Groupe d'indicateurs;070.02;Rendement matière sèche;24;OUI
SAANR_FOURRAGE_2;2002;FR;METRO;NR76;11;Cultures développées;3.12;Prairies non permanentes et STH;Groupe d'indicateurs;070.02;Rendement matière sèche;19.8;OUI
SAANR_FOURRAGE_2;2002;FR;METRO;NR76;12;Cultures développées;3.12;Prairies non permanentes et STH;Groupe d'indicateurs;070.02;Rendement matière sèche;53.3;OUI
SAANR_FOURRAGE_2;2002;FR;METRO;NR76;30;Cultures développées;3.12;Prairies non permanentes et STH;Groupe d'indicateurs;070.02;Rendement matière sèche;16;OUI
SAANR_FOURRAGE_2;2002;FR;METRO;NR76;31;Cultures développées;3.12;Prairies non permanentes et STH;Groupe d'indicateurs;070.02;Rendement matière sèche;41.4;OUI
SAANR_FOURRAGE_2;2002;FR;METRO;NR76;32;Cultures développées;3.12;Prairies non permanentes et STH;Groupe d'indicateurs;070.02;Rendement matière sèche;45.3;OUI
SAANR_FOURRAGE_2;2002;FR;METRO;NR76;34;Cultures développées;3.12;Prairies non permanentes et STH;Groupe d'indicateurs;070.02;Rendement matière sèche;6.8;OUI
SAANR_FOURRAGE_2;2002;FR;METRO;NR76;46;Cultures développées;3.12;Prairies non permanentes et STH;Groupe d'indicateurs;070.02;Rendement matière sèche;31.6;OUI
SAANR_FOURRAGE_2;2002;FR;METRO;NR76;48;Cultures développées;3.12;Prairies non permanentes et STH;Groupe d'indicateurs;070.02;Rendement matière sèche;18.2;OUI
SAANR_FOURRAGE_2;2002;FR;METRO;NR76;65;Cultures développées;3.12;Prairies non permanentes et STH;Groupe d'indicateurs;070.02;Rendement matière sèche;36.4;OUI
SAANR_FOURRAGE_2;2002;FR;METRO;NR76;66;Cultures développées;3.12;Prairies non permanentes et STH;Groupe d'indicateurs;070.02;Rendement matière sèche;9.6;OUI
SAANR_FOURRAGE_2;2002;FR;METRO;NR76;81;Cultures développées;3.12;Prairies non permanentes et STH;Groupe d'indicateurs;070.02;Rendement matière sèche;49;OUI
SAANR_FOURRAGE_2;2002;FR;METRO;NR76;82;Cultures développées;3.12;Prairies non permanentes et STH;Groupe d'indicateurs;070.02;Rendement matière sèche;39.6;OUI
SAANR_FOURRAGE_2;2002;FR;METRO;NR76;09;Cultures développées;3.12.1;Prairies non permanentes;Groupe d'indicateurs;020.08;Production séche (volume);875200;OUI
SAANR_FOURRAGE_2;2002;FR;METRO;NR76;11;Cultures développées;3.12.1;Prairies non permanentes;Groupe d'indicateurs;020.08;Production séche (volume);616935;OUI
SAANR_FOURRAGE_2;2002;FR;METRO;NR76;12;Cultures développées;3.12.1;Prairies non permanentes;Groupe d'indicateurs;020.08;Production séche (volume);13008000;OUI
SAANR_FOURRAGE_2;2002;FR;METRO;NR76;30;Cultures développées;3.12.1;Prairies non permanentes;Groupe d'indicateurs;020.08;Production séche (volume);297962;OUI
SAANR_FOURRAGE_2;2002;FR;METRO;NR76;31;Cultures développées;3.12.1;Prairies non permanentes;Groupe d'indicateurs;020.08;Production séche (volume);2037900;OUI
SAANR_FOURRAGE_2;2002;FR;METRO;NR76;32;Cultures développées;3.12.1;Prairies non permanentes;Groupe d'indicateurs;020.08;Production séche (volume);3116000;OUI
SAANR_FOURRAGE_2;2002;FR;METRO;NR76;34;Cultures développées;3.12.1;Prairies non permanentes;Groupe d'indicateurs;020.08;Production séche (volume);244663;OUI
SAANR_FOURRAGE_2;2002;FR;METRO;NR76;46;Cultures développées;3.12.1;Prairies non permanentes;Groupe d'indicateurs;020.08;Production séche (volume);2540400;OUI
SAANR_FOURRAGE_2;2002;FR;METRO;NR76;48;Cultures développées;3.12.1;Prairies non permanentes;Groupe d'indicateurs;020.08;Production séche (volume);1477467;OUI
SAANR_FOURRAGE_2;2002;FR;METRO;NR76;65;Cultures développées;3.12.1;Prairies non permanentes;Groupe d'indicateurs;020.08;Production séche (volume);1362400;OUI
SAANR_FOURRAGE_2;2002;FR;METRO;NR76;66;Cultures développées;3.12.1;Prairies non permanentes;Groupe d'indicateurs;020.08;Production séche (volume);56815;OUI
SAANR_FOURRAGE_2;2002;FR;METRO;NR76;81;Cultures développées;3.12.1;Prairies non permanentes;Groupe d'indicateurs;020.08;Production séche (volume);4470000;OUI
SAANR_FOURRAGE_2;2002;FR;METRO;NR76;82;Cultures développées;3.12.1;Prairies non permanentes;Groupe d'indicateurs;020.08;Production séche (volume);1448900;OUI
SAANR_FOURRAGE_2;2002;FR;METRO;NR76;09;Cultures développées;3.12.1;Prairies non permanentes;Groupe d'indicateurs;050.07;Superficie concernée;12400;OUI
SAANR_FOURRAGE_2;2002;FR;METRO;NR76;11;Cultures développées;3.12.1;Prairies non permanentes;Groupe d'indicateurs;050.07;Superficie concernée;11217;OUI
SAANR_FOURRAGE_2;2002;FR;METRO;NR76;12;Cultures développées;3.12.1;Prairies non permanentes;Groupe d'indicateurs;050.07;Superficie concernée;187000;OUI
SAANR_FOURRAGE_2;2002;FR;METRO;NR76;30;Cultures développées;3.12.1;Prairies non permanentes;Groupe d'indicateurs;050.07;Superficie concernée;4772;OUI
SAANR_FOURRAGE_2;2002;FR;METRO;NR76;31;Cultures développées;3.12.1;Prairies non permanentes;Groupe d'indicateurs;050.07;Superficie concernée;31100;OUI
SAANR_FOURRAGE_2;2002;FR;METRO;NR76;32;Cultures développées;3.12.1;Prairies non permanentes;Groupe d'indicateurs;050.07;Superficie concernée;51000;OUI
SAANR_FOURRAGE_2;2002;FR;METRO;NR76;34;Cultures développées;3.12.1;Prairies non permanentes;Groupe d'indicateurs;050.07;Superficie concernée;6205;OUI
SAANR_FOURRAGE_2;2002;FR;METRO;NR76;46;Cultures développées;3.12.1;Prairies non permanentes;Groupe d'indicateurs;050.07;Superficie concernée;48000;OUI
SAANR_FOURRAGE_2;2002;FR;METRO;NR76;48;Cultures développées;3.12.1;Prairies non permanentes;Groupe d'indicateurs;050.07;Superficie concernée;32785;OUI
SAANR_FOURRAGE_2;2002;FR;METRO;NR76;65;Cultures développées;3.12.1;Prairies non permanentes;Groupe d'indicateurs;050.07;Superficie concernée;18600;OUI
SAANR_FOURRAGE_2;2002;FR;METRO;NR76;66;Cultures développées;3.12.1;Prairies non permanentes;Groupe d'indicateurs;050.07;Superficie concernée;1016;OUI
SAANR_FOURRAGE_2;2002;FR;METRO;NR76;81;Cultures développées;3.12.1;Prairies non permanentes;Groupe d'indicateurs;050.07;Superficie concernée;67000;OUI
SAANR_FOURRAGE_2;2002;FR;METRO;NR76;82;Cultures développées;3.12.1;Prairies non permanentes;Groupe d'indicateurs;050.07;Superficie concernée;23500;OUI
SAANR_FOURRAGE_2;2002;FR;METRO;NR76;09;Cultures développées;3.12.1;Prairies non permanentes;Groupe d'indicateurs;070.02;Rendement matière sèche;70.6;OUI
SAANR_FOURRAGE_2;2002;FR;METRO;NR76;11;Cultures développées;3.12.1;Prairies non permanentes;Groupe d'indicateurs;070.02;Rendement matière sèche;55;OUI
SAANR_FOURRAGE_2;2002;FR;METRO;NR76;12;Cultures développées;3.12.1;Prairies non permanentes;Groupe d'indicateurs;070.02;Rendement matière sèche;69.6;OUI
SAANR_FOURRAGE_2;2002;FR;METRO;NR76;30;Cultures développées;3.12.1;Prairies non permanentes;Groupe d'indicateurs;070.02;Rendement matière sèche;62.4;OUI
SAANR_FOURRAGE_2;2002;FR;METRO;NR76;31;Cultures développées;3.12.1;Prairies non permanentes;Groupe d'indicateurs;070.02;Rendement matière sèche;65.5;OUI
SAANR_FOURRAGE_2;2002;FR;METRO;NR76;32;Cultures développées;3.12.1;Prairies non permanentes;Groupe d'indicateurs;070.02;Rendement matière sèche;61.1;OUI
SAANR_FOURRAGE_2;2002;FR;METRO;NR76;34;Cultures développées;3.12.1;Prairies non permanentes;Groupe d'indicateurs;070.02;Rendement matière sèche;39.4;OUI
SAANR_FOURRAGE_2;2002;FR;METRO;NR76;46;Cultures développées;3.12.1;Prairies non permanentes;Groupe d'indicateurs;070.02;Rendement matière sèche;52.9;OUI
SAANR_FOURRAGE_2;2002;FR;METRO;NR76;48;Cultures développées;3.12.1;Prairies non permanentes;Groupe d'indicateurs;070.02;Rendement matière sèche;45.1;OUI
SAANR_FOURRAGE_2;2002;FR;METRO;NR76;65;Cultures développées;3.12.1;Prairies non permanentes;Groupe d'indicateurs;070.02;Rendement matière sèche;73.2;OUI
SAANR_FOURRAGE_2;2002;FR;METRO;NR76;66;Cultures développées;3.12.1;Prairies non permanentes;Groupe d'indicateurs;070.02;Rendement matière sèche;55.9;OUI
SAANR_FOURRAGE_2;2002;FR;METRO;NR76;81;Cultures développées;3.12.1;Prairies non permanentes;Groupe d'indicateurs;070.02;Rendement matière sèche;66.7;OUI
SAANR_FOURRAGE_2;2002;FR;METRO;NR76;82;Cultures développées;3.12.1;Prairies non permanentes;Groupe d'indicateurs;070.02;Rendement matière sèche;61.7;OUI
SAANR_FOURRAGE_2;2002;FR;METRO;NR76;09;Cultures développées;3.12.1.11;Prairie artificielle (luzerne, trèfle violet, ...);Groupe d'indicateurs;020.08;Production séche (volume);249600;OUI
SAANR_FOURRAGE_2;2002;FR;METRO;NR76;11;Cultures développées;3.12.1.11;Prairie artificielle (luzerne, trèfle violet, ...);Groupe d'indicateurs;020.08;Production séche (volume);395780;OUI
SAANR_FOURRAGE_2;2002;FR;METRO;NR76;12;Cultures développées;3.12.1.11;Prairie artificielle (luzerne, trèfle violet, ...);Groupe d'indicateurs;020.08;Production séche (volume);1312500;OUI
SAANR_FOURRAGE_2;2002;FR;METRO;NR76;30;Cultures développées;3.12.1.11;Prairie artificielle (luzerne, trèfle violet, ...);Groupe d'indicateurs;020.08;Production séche (volume);238721;OUI
SAANR_FOURRAGE_2;2002;FR;METRO;NR76;31;Cultures développées;3.12.1.11;Prairie artificielle (luzerne, trèfle violet, ...);Groupe d'indicateurs;020.08;Production séche (volume);903900;OUI
SAANR_FOURRAGE_2;2002;FR;METRO;NR76;32;Cultures développées;3.12.1.11;Prairie artificielle (luzerne, trèfle violet, ...);Groupe d'indicateurs;020.08;Production séche (volume);476000;OUI
SAANR_FOURRAGE_2;2002;FR;METRO;NR76;34;Cultures développées;3.12.1.11;Prairie artificielle (luzerne, trèfle violet, ...);Groupe d'indicateurs;020.08;Production séche (volume);137835;OUI
SAANR_FOURRAGE_2;2002;FR;METRO;NR76;46;Cultures développées;3.12.1.11;Prairie artificielle (luzerne, trèfle violet, ...);Groupe d'indicateurs;020.08;Production séche (volume);429200;OUI
SAANR_FOURRAGE_2;2002;FR;METRO;NR76;48;Cultures développées;3.12.1.11;Prairie artificielle (luzerne, trèfle violet, ...);Groupe d'indicateurs;020.08;Production séche (volume);34272;OUI
SAANR_FOURRAGE_2;2002;FR;METRO;NR76;65;Cultures développées;3.12.1.11;Prairie artificielle (luzerne, trèfle violet, ...);Groupe d'indicateurs;020.08;Production séche (volume);172500;OUI
SAANR_FOURRAGE_2;2002;FR;METRO;NR76;66;Cultures développées;3.12.1.11;Prairie artificielle (luzerne, trèfle violet, ...);Groupe d'indicateurs;020.08;Production séche (volume);33571;OUI
SAANR_FOURRAGE_2;2002;FR;METRO;NR76;81;Cultures développées;3.12.1.11;Prairie artificielle (luzerne, trèfle violet, ...);Groupe d'indicateurs;020.08;Production séche (volume);840000;OUI
SAANR_FOURRAGE_2;2002;FR;METRO;NR76;82;Cultures développées;3.12.1.11;Prairie artificielle (luzerne, trèfle violet, ...);Groupe d'indicateurs;020.08;Production séche (volume);676000;OUI
SAANR_FOURRAGE_2;2002;FR;METRO;NR76;09;Cultures développées;3.12.1.11;Prairie artificielle (luzerne, trèfle violet, ...);Groupe d'indicateurs;050.07;Superficie concernée;3200;OUI
SAANR_FOURRAGE_2;2002;FR;METRO;NR76;11;Cultures développées;3.12.1.11;Prairie artificielle (luzerne, trèfle violet, ...);Groupe d'indicateurs;050.07;Superficie concernée;7196;OUI
SAANR_FOURRAGE_2;2002;FR;METRO;NR76;12;Cultures développées;3.12.1.11;Prairie artificielle (luzerne, trèfle violet, ...);Groupe d'indicateurs;050.07;Superficie concernée;17500;OUI
SAANR_FOURRAGE_2;2002;FR;METRO;NR76;30;Cultures développées;3.12.1.11;Prairie artificielle (luzerne, trèfle violet, ...);Groupe d'indicateurs;050.07;Superficie concernée;3563;OUI
SAANR_FOURRAGE_2;2002;FR;METRO;NR76;31;Cultures développées;3.12.1.11;Prairie artificielle (luzerne, trèfle violet, ...);Groupe d'indicateurs;050.07;Superficie concernée;13100;OUI
SAANR_FOURRAGE_2;2002;FR;METRO;NR76;32;Cultures développées;3.12.1.11;Prairie artificielle (luzerne, trèfle violet, ...);Groupe d'indicateurs;050.07;Superficie concernée;7000;OUI
SAANR_FOURRAGE_2;2002;FR;METRO;NR76;34;Cultures développées;3.12.1.11;Prairie artificielle (luzerne, trèfle violet, ...);Groupe d'indicateurs;050.07;Superficie concernée;3063;OUI
SAANR_FOURRAGE_2;2002;FR;METRO;NR76;46;Cultures développées;3.12.1.11;Prairie artificielle (luzerne, trèfle violet, ...);Groupe d'indicateurs;050.07;Superficie concernée;7400;OUI
SAANR_FOURRAGE_2;2002;FR;METRO;NR76;48;Cultures développées;3.12.1.11;Prairie artificielle (luzerne, trèfle violet, ...);Groupe d'indicateurs;050.07;Superficie concernée;714;OUI
SAANR_FOURRAGE_2;2002;FR;METRO;NR76;65;Cultures développées;3.12.1.11;Prairie artificielle (luzerne, trèfle violet, ...);Groupe d'indicateurs;050.07;Superficie concernée;2300;OUI
SAANR_FOURRAGE_2;2002;FR;METRO;NR76;66;Cultures développées;3.12.1.11;Prairie artificielle (luzerne, trèfle violet, ...);Groupe d'indicateurs;050.07;Superficie concernée;569;OUI
SAANR_FOURRAGE_2;2002;FR;METRO;NR76;81;Cultures développées;3.12.1.11;Prairie artificielle (luzerne, trèfle violet, ...);Groupe d'indicateurs;050.07;Superficie concernée;12000;OUI
SAANR_FOURRAGE_2;2002;FR;METRO;NR76;82;Cultures développées;3.12.1.11;Prairie artificielle (luzerne, trèfle violet, ...);Groupe d'indicateurs;050.07;Superficie concernée;10400;OUI
SAANR_FOURRAGE_2;2002;FR;METRO;NR76;09;Cultures développées;3.12.1.11;Prairie artificielle (luzerne, trèfle violet, ...);Groupe d'indicateurs;070.02;Rendement matière sèche;78;OUI
SAANR_FOURRAGE_2;2002;FR;METRO;NR76;11;Cultures développées;3.12.1.11;Prairie artificielle (luzerne, trèfle violet, ...);Groupe d'indicateurs;070.02;Rendement matière sèche;55;OUI
SAANR_FOURRAGE_2;2002;FR;METRO;NR76;12;Cultures développées;3.12.1.11;Prairie artificielle (luzerne, trèfle violet, ...);Groupe d'indicateurs;070.02;Rendement matière sèche;75;OUI
SAANR_FOURRAGE_2;2002;FR;METRO;NR76;30;Cultures développées;3.12.1.11;Prairie artificielle (luzerne, trèfle violet, ...);Groupe d'indicateurs;070.02;Rendement matière sèche;67;OUI
SAANR_FOURRAGE_2;2002;FR;METRO;NR76;31;Cultures développées;3.12.1.11;Prairie artificielle (luzerne, trèfle violet, ...);Groupe d'indicateurs;070.02;Rendement matière sèche;69;OUI
SAANR_FOURRAGE_2;2002;FR;METRO;NR76;32;Cultures développées;3.12.1.11;Prairie artificielle (luzerne, trèfle violet, ...);Groupe d'indicateurs;070.02;Rendement matière sèche;68;OUI
SAANR_FOURRAGE_2;2002;FR;METRO;NR76;34;Cultures développées;3.12.1.11;Prairie artificielle (luzerne, trèfle violet, ...);Groupe d'indicateurs;070.02;Rendement matière sèche;45;OUI
SAANR_FOURRAGE_2;2002;FR;METRO;NR76;46;Cultures développées;3.12.1.11;Prairie artificielle (luzerne, trèfle violet, ...);Groupe d'indicateurs;070.02;Rendement matière sèche;58;OUI
SAANR_FOURRAGE_2;2002;FR;METRO;NR76;48;Cultures développées;3.12.1.11;Prairie artificielle (luzerne, trèfle violet, ...);Groupe d'indicateurs;070.02;Rendement matière sèche;48;OUI
SAANR_FOURRAGE_2;2002;FR;METRO;NR76;65;Cultures développées;3.12.1.11;Prairie artificielle (luzerne, trèfle violet, ...);Groupe d'indicateurs;070.02;Rendement matière sèche;75;OUI
SAANR_FOURRAGE_2;2002;FR;METRO;NR76;66;Cultures développées;3.12.1.11;Prairie artificielle (luzerne, trèfle violet, ...);Groupe d'indicateurs;070.02;Rendement matière sèche;59;OUI
SAANR_FOURRAGE_2;2002;FR;METRO;NR76;81;Cultures développées;3.12.1.11;Prairie artificielle (luzerne, trèfle violet, ...);Groupe d'indicateurs;070.02;Rendement matière sèche;70;OUI
SAANR_FOURRAGE_2;2002;FR;METRO;NR76;82;Cultures développées;3.12.1.11;Prairie artificielle (luzerne, trèfle violet, ...);Groupe d'indicateurs;070.02;Rendement matière sèche;65;OUI
SAANR_FOURRAGE_2;2002;FR;METRO;NR76;09;Cultures développées;3.12.1.11.2;Autres prairies artificielles;Groupe d'indicateurs;020.08;Production séche (volume);249600;OUI
SAANR_FOURRAGE_2;2002;FR;METRO;NR76;11;Cultures développées;3.12.1.11.2;Autres prairies artificielles;Groupe d'indicateurs;020.08;Production séche (volume);395780;OUI
SAANR_FOURRAGE_2;2002;FR;METRO;NR76;12;Cultures développées;3.12.1.11.2;Autres prairies artificielles;Groupe d'indicateurs;020.08;Production séche (volume);1312500;OUI
SAANR_FOURRAGE_2;2002;FR;METRO;NR76;30;Cultures développées;3.12.1.11.2;Autres prairies artificielles;Groupe d'indicateurs;020.08;Production séche (volume);238721;OUI
SAANR_FOURRAGE_2;2002;FR;METRO;NR76;31;Cultures développées;3.12.1.11.2;Autres prairies artificielles;Groupe d'indicateurs;020.08;Production séche (volume);903900;OUI
SAANR_FOURRAGE_2;2002;FR;METRO;NR76;32;Cultures développées;3.12.1.11.2;Autres prairies artificielles;Groupe d'indicateurs;020.08;Production séche (volume);476000;OUI
SAANR_FOURRAGE_2;2002;FR;METRO;NR76;34;Cultures développées;3.12.1.11.2;Autres prairies artificielles;Groupe d'indicateurs;020.08;Production séche (volume);137835;OUI
SAANR_FOURRAGE_2;2002;FR;METRO;NR76;46;Cultures développées;3.12.1.11.2;Autres prairies artificielles;Groupe d'indicateurs;020.08;Production séche (volume);429200;OUI
SAANR_FOURRAGE_2;2002;FR;METRO;NR76;48;Cultures développées;3.12.1.11.2;Autres prairies artificielles;Groupe d'indicateurs;020.08;Production séche (volume);34272;OUI
SAANR_FOURRAGE_2;2002;FR;METRO;NR76;65;Cultures développées;3.12.1.11.2;Autres prairies artificielles;Groupe d'indicateurs;020.08;Production séche (volume);172500;OUI
SAANR_FOURRAGE_2;2002;FR;METRO;NR76;66;Cultures développées;3.12.1.11.2;Autres prairies artificielles;Groupe d'indicateurs;020.08;Production séche (volume);33571;OUI
SAANR_FOURRAGE_2;2002;FR;METRO;NR76;81;Cultures développées;3.12.1.11.2;Autres prairies artificielles;Groupe d'indicateurs;020.08;Production séche (volume);840000;OUI
SAANR_FOURRAGE_2;2002;FR;METRO;NR76;82;Cultures développées;3.12.1.11.2;Autres prairies artificielles;Groupe d'indicateurs;020.08;Production séche (volume);676000;OUI
SAANR_FOURRAGE_2;2002;FR;METRO;NR76;09;Cultures développées;3.12.1.11.2;Autres prairies artificielles;Groupe d'indicateurs;050.07;Superficie concernée;3200;OUI
SAANR_FOURRAGE_2;2002;FR;METRO;NR76;11;Cultures développées;3.12.1.11.2;Autres prairies artificielles;Groupe d'indicateurs;050.07;Superficie concernée;7196;OUI
SAANR_FOURRAGE_2;2002;FR;METRO;NR76;12;Cultures développées;3.12.1.11.2;Autres prairies artificielles;Groupe d'indicateurs;050.07;Superficie concernée;17500;OUI
SAANR_FOURRAGE_2;2002;FR;METRO;NR76;30;Cultures développées;3.12.1.11.2;Autres prairies artificielles;Groupe d'indicateurs;050.07;Superficie concernée;3563;OUI
SAANR_FOURRAGE_2;2002;FR;METRO;NR76;31;Cultures développées;3.12.1.11.2;Autres prairies artificielles;Groupe d'indicateurs;050.07;Superficie concernée;13100;OUI
SAANR_FOURRAGE_2;2002;FR;METRO;NR76;32;Cultures développées;3.12.1.11.2;Autres prairies artificielles;Groupe d'indicateurs;050.07;Superficie concernée;7000;OUI
SAANR_FOURRAGE_2;2002;FR;METRO;NR76;34;Cultures développées;3.12.1.11.2;Autres prairies artificielles;Groupe d'indicateurs;050.07;Superficie concernée;3063;OUI
SAANR_FOURRAGE_2;2002;FR;METRO;NR76;46;Cultures développées;3.12.1.11.2;Autres prairies artificielles;Groupe d'indicateurs;050.07;Superficie concernée;7400;OUI
SAANR_FOURRAGE_2;2002;FR;METRO;NR76;48;Cultures développées;3.12.1.11.2;Autres prairies artificielles;Groupe d'indicateurs;050.07;Superficie concernée;714;OUI
SAANR_FOURRAGE_2;2002;FR;METRO;NR76;65;Cultures développées;3.12.1.11.2;Autres prairies artificielles;Groupe d'indicateurs;050.07;Superficie concernée;2300;OUI
SAANR_FOURRAGE_2;2002;FR;METRO;NR76;66;Cultures développées;3.12.1.11.2;Autres prairies artificielles;Groupe d'indicateurs;050.07;Superficie concernée;569;OUI
SAANR_FOURRAGE_2;2002;FR;METRO;NR76;81;Cultures développées;3.12.1.11.2;Autres prairies artificielles;Groupe d'indicateurs;050.07;Superficie concernée;12000;OUI
SAANR_FOURRAGE_2;2002;FR;METRO;NR76;82;Cultures développées;3.12.1.11.2;Autres prairies artificielles;Groupe d'indicateurs;050.07;Superficie concernée;10400;OUI
SAANR_FOURRAGE_2;2002;FR;METRO;NR76;09;Cultures développées;3.12.1.11.2;Autres prairies artificielles;Groupe d'indicateurs;070.02;Rendement matière sèche;78;OUI
SAANR_FOURRAGE_2;2002;FR;METRO;NR76;11;Cultures développées;3.12.1.11.2;Autres prairies artificielles;Groupe d'indicateurs;070.02;Rendement matière sèche;55;OUI
SAANR_FOURRAGE_2;2002;FR;METRO;NR76;12;Cultures développées;3.12.1.11.2;Autres prairies artificielles;Groupe d'indicateurs;070.02;Rendement matière sèche;75;OUI
SAANR_FOURRAGE_2;2002;FR;METRO;NR76;30;Cultures développées;3.12.1.11.2;Autres prairies artificielles;Groupe d'indicateurs;070.02;Rendement matière sèche;67;OUI
SAANR_FOURRAGE_2;2002;FR;METRO;NR76;31;Cultures développées;3.12.1.11.2;Autres prairies artificielles;Groupe d'indicateurs;070.02;Rendement matière sèche;69;OUI
SAANR_FOURRAGE_2;2002;FR;METRO;NR76;32;Cultures développées;3.12.1.11.2;Autres prairies artificielles;Groupe d'indicateurs;070.02;Rendement matière sèche;68;OUI
SAANR_FOURRAGE_2;2002;FR;METRO;NR76;34;Cultures développées;3.12.1.11.2;Autres prairies artificielles;Groupe d'indicateurs;070.02;Rendement matière sèche;45;OUI
SAANR_FOURRAGE_2;2002;FR;METRO;NR76;46;Cultures développées;3.12.1.11.2;Autres prairies artificielles;Groupe d'indicateurs;070.02;Rendement matière sèche;58;OUI
SAANR_FOURRAGE_2;2002;FR;METRO;NR76;48;Cultures développées;3.12.1.11.2;Autres prairies artificielles;Groupe d'indicateurs;070.02;Rendement matière sèche;48;OUI
SAANR_FOURRAGE_2;2002;FR;METRO;NR76;65;Cultures développées;3.12.1.11.2;Autres prairies artificielles;Groupe d'indicateurs;070.02;Rendement matière sèche;75;OUI
SAANR_FOURRAGE_2;2002;FR;METRO;NR76;66;Cultures développées;3.12.1.11.2;Autres prairies artificielles;Groupe d'indicateurs;070.02;Rendement matière sèche;59;OUI
SAANR_FOURRAGE_2;2002;FR;METRO;NR76;81;Cultures développées;3.12.1.11.2;Autres prairies artificielles;Groupe d'indicateurs;070.02;Rendement matière sèche;70;OUI
SAANR_FOURRAGE_2;2002;FR;METRO;NR76;82;Cultures développées;3.12.1.11.2;Autres prairies artificielles;Groupe d'indicateurs;070.02;Rendement matière sèche;65;OUI
SAANR_FOURRAGE_2;2002;FR;METRO;NR76;09;Cultures développées;3.12.1.12;Prairies temporaires;Groupe d'indicateurs;020.08;Production séche (volume);625600;OUI
SAANR_FOURRAGE_2;2002;FR;METRO;NR76;11;Cultures développées;3.12.1.12;Prairies temporaires;Groupe d'indicateurs;020.08;Production séche (volume);221155;OUI
SAANR_FOURRAGE_2;2002;FR;METRO;NR76;12;Cultures développées;3.12.1.12;Prairies temporaires;Groupe d'indicateurs;020.08;Production séche (volume);11695500;OUI
SAANR_FOURRAGE_2;2002;FR;METRO;NR76;30;Cultures développées;3.12.1.12;Prairies temporaires;Groupe d'indicateurs;020.08;Production séche (volume);59241;OUI
SAANR_FOURRAGE_2;2002;FR;METRO;NR76;31;Cultures développées;3.12.1.12;Prairies temporaires;Groupe d'indicateurs;020.08;Production séche (volume);1134000;OUI
SAANR_FOURRAGE_2;2002;FR;METRO;NR76;32;Cultures développées;3.12.1.12;Prairies temporaires;Groupe d'indicateurs;020.08;Production séche (volume);2640000;OUI
SAANR_FOURRAGE_2;2002;FR;METRO;NR76;34;Cultures développées;3.12.1.12;Prairies temporaires;Groupe d'indicateurs;020.08;Production séche (volume);106828;OUI
SAANR_FOURRAGE_2;2002;FR;METRO;NR76;46;Cultures développées;3.12.1.12;Prairies temporaires;Groupe d'indicateurs;020.08;Production séche (volume);2111200;OUI
SAANR_FOURRAGE_2;2002;FR;METRO;NR76;48;Cultures développées;3.12.1.12;Prairies temporaires;Groupe d'indicateurs;020.08;Production séche (volume);1443195;OUI
SAANR_FOURRAGE_2;2002;FR;METRO;NR76;65;Cultures développées;3.12.1.12;Prairies temporaires;Groupe d'indicateurs;020.08;Production séche (volume);1189900;OUI
SAANR_FOURRAGE_2;2002;FR;METRO;NR76;66;Cultures développées;3.12.1.12;Prairies temporaires;Groupe d'indicateurs;020.08;Production séche (volume);23244;OUI
SAANR_FOURRAGE_2;2002;FR;METRO;NR76;81;Cultures développées;3.12.1.12;Prairies temporaires;Groupe d'indicateurs;020.08;Production séche (volume);3630000;OUI
SAANR_FOURRAGE_2;2002;FR;METRO;NR76;82;Cultures développées;3.12.1.12;Prairies temporaires;Groupe d'indicateurs;020.08;Production séche (volume);772900;OUI
SAANR_FOURRAGE_2;2002;FR;METRO;NR76;09;Cultures développées;3.12.1.12;Prairies temporaires;Groupe d'indicateurs;050.07;Superficie concernée;9200;OUI
SAANR_FOURRAGE_2;2002;FR;METRO;NR76;11;Cultures développées;3.12.1.12;Prairies temporaires;Groupe d'indicateurs;050.07;Superficie concernée;4021;OUI
SAANR_FOURRAGE_2;2002;FR;METRO;NR76;12;Cultures développées;3.12.1.12;Prairies temporaires;Groupe d'indicateurs;050.07;Superficie concernée;169500;OUI
SAANR_FOURRAGE_2;2002;FR;METRO;NR76;30;Cultures développées;3.12.1.12;Prairies temporaires;Groupe d'indicateurs;050.07;Superficie concernée;1209;OUI
SAANR_FOURRAGE_2;2002;FR;METRO;NR76;31;Cultures développées;3.12.1.12;Prairies temporaires;Groupe d'indicateurs;050.07;Superficie concernée;18000;OUI
SAANR_FOURRAGE_2;2002;FR;METRO;NR76;32;Cultures développées;3.12.1.12;Prairies temporaires;Groupe d'indicateurs;050.07;Superficie concernée;44000;OUI
SAANR_FOURRAGE_2;2002;FR;METRO;NR76;34;Cultures développées;3.12.1.12;Prairies temporaires;Groupe d'indicateurs;050.07;Superficie concernée;3142;OUI
SAANR_FOURRAGE_2;2002;FR;METRO;NR76;46;Cultures développées;3.12.1.12;Prairies temporaires;Groupe d'indicateurs;050.07;Superficie concernée;40600;OUI
SAANR_FOURRAGE_2;2002;FR;METRO;NR76;48;Cultures développées;3.12.1.12;Prairies temporaires;Groupe d'indicateurs;050.07;Superficie concernée;32071;OUI
SAANR_FOURRAGE_2;2002;FR;METRO;NR76;65;Cultures développées;3.12.1.12;Prairies temporaires;Groupe d'indicateurs;050.07;Superficie concernée;16300;OUI
SAANR_FOURRAGE_2;2002;FR;METRO;NR76;66;Cultures développées;3.12.1.12;Prairies temporaires;Groupe d'indicateurs;050.07;Superficie concernée;447;OUI
SAANR_FOURRAGE_2;2002;FR;METRO;NR76;81;Cultures développées;3.12.1.12;Prairies temporaires;Groupe d'indicateurs;050.07;Superficie concernée;55000;OUI
SAANR_FOURRAGE_2;2002;FR;METRO;NR76;82;Cultures développées;3.12.1.12;Prairies temporaires;Groupe d'indicateurs;050.07;Superficie concernée;13100;OUI
SAANR_FOURRAGE_2;2002;FR;METRO;NR76;09;Cultures développées;3.12.1.12;Prairies temporaires;Groupe d'indicateurs;070.02;Rendement matière sèche;68;OUI
SAANR_FOURRAGE_2;2002;FR;METRO;NR76;11;Cultures développées;3.12.1.12;Prairies temporaires;Groupe d'indicateurs;070.02;Rendement matière sèche;55;OUI
SAANR_FOURRAGE_2;2002;FR;METRO;NR76;12;Cultures développées;3.12.1.12;Prairies temporaires;Groupe d'indicateurs;070.02;Rendement matière sèche;69;OUI
SAANR_FOURRAGE_2;2002;FR;METRO;NR76;30;Cultures développées;3.12.1.12;Prairies temporaires;Groupe d'indicateurs;070.02;Rendement matière sèche;49;OUI
SAANR_FOURRAGE_2;2002;FR;METRO;NR76;31;Cultures développées;3.12.1.12;Prairies temporaires;Groupe d'indicateurs;070.02;Rendement matière sèche;63;OUI
SAANR_FOURRAGE_2;2002;FR;METRO;NR76;32;Cultures développées;3.12.1.12;Prairies temporaires;Groupe d'indicateurs;070.02;Rendement matière sèche;60;OUI
SAANR_FOURRAGE_2;2002;FR;METRO;NR76;34;Cultures développées;3.12.1.12;Prairies temporaires;Groupe d'indicateurs;070.02;Rendement matière sèche;34;OUI
SAANR_FOURRAGE_2;2002;FR;METRO;NR76;46;Cultures développées;3.12.1.12;Prairies temporaires;Groupe d'indicateurs;070.02;Rendement matière sèche;52;OUI
SAANR_FOURRAGE_2;2002;FR;METRO;NR76;48;Cultures développées;3.12.1.12;Prairies temporaires;Groupe d'indicateurs;070.02;Rendement matière sèche;45;OUI
SAANR_FOURRAGE_2;2002;FR;METRO;NR76;65;Cultures développées;3.12.1.12;Prairies temporaires;Groupe d'indicateurs;070.02;Rendement matière sèche;73;OUI
SAANR_FOURRAGE_2;2002;FR;METRO;NR76;66;Cultures développées;3.12.1.12;Prairies temporaires;Groupe d'indicateurs;070.02;Rendement matière sèche;52;OUI
SAANR_FOURRAGE_2;2002;FR;METRO;NR76;81;Cultures développées;3.12.1.12;Prairies temporaires;Groupe d'indicateurs;070.02;Rendement matière sèche;66;OUI
SAANR_FOURRAGE_2;2002;FR;METRO;NR76;82;Cultures développées;3.12.1.12;Prairies temporaires;Groupe d'indicateurs;070.02;Rendement matière sèche;59;OUI
SAANR_FOURRAGE_2;2002;FR;METRO;NR76;09;Cultures développées;3.12.2;Superficie toujours en herbe (STH);Groupe d'indicateurs;020.08;Production séche (volume);3104254;OUI
SAANR_FOURRAGE_2;2002;FR;METRO;NR76;11;Cultures développées;3.12.2;Superficie toujours en herbe (STH);Groupe d'indicateurs;020.08;Production séche (volume);757984;OUI
SAANR_FOURRAGE_2;2002;FR;METRO;NR76;12;Cultures développées;3.12.2;Superficie toujours en herbe (STH);Groupe d'indicateurs;020.08;Production séche (volume);10755882;OUI
SAANR_FOURRAGE_2;2002;FR;METRO;NR76;30;Cultures développées;3.12.2;Superficie toujours en herbe (STH);Groupe d'indicateurs;020.08;Production séche (volume);714534;OUI
SAANR_FOURRAGE_2;2002;FR;METRO;NR76;31;Cultures développées;3.12.2;Superficie toujours en herbe (STH);Groupe d'indicateurs;020.08;Production séche (volume);2225487;OUI
SAANR_FOURRAGE_2;2002;FR;METRO;NR76;32;Cultures développées;3.12.2;Superficie toujours en herbe (STH);Groupe d'indicateurs;020.08;Production séche (volume);858740;OUI
SAANR_FOURRAGE_2;2002;FR;METRO;NR76;34;Cultures développées;3.12.2;Superficie toujours en herbe (STH);Groupe d'indicateurs;020.08;Production séche (volume);257500;OUI
SAANR_FOURRAGE_2;2002;FR;METRO;NR76;46;Cultures développées;3.12.2;Superficie toujours en herbe (STH);Groupe d'indicateurs;020.08;Production séche (volume);2543778;OUI
SAANR_FOURRAGE_2;2002;FR;METRO;NR76;48;Cultures développées;3.12.2;Superficie toujours en herbe (STH);Groupe d'indicateurs;020.08;Production séche (volume);2935962;OUI
SAANR_FOURRAGE_2;2002;FR;METRO;NR76;65;Cultures développées;3.12.2;Superficie toujours en herbe (STH);Groupe d'indicateurs;020.08;Production séche (volume);4557450;OUI
SAANR_FOURRAGE_2;2002;FR;METRO;NR76;66;Cultures développées;3.12.2;Superficie toujours en herbe (STH);Groupe d'indicateurs;020.08;Production séche (volume);767427;OUI
SAANR_FOURRAGE_2;2002;FR;METRO;NR76;81;Cultures développées;3.12.2;Superficie toujours en herbe (STH);Groupe d'indicateurs;020.08;Production séche (volume);2420440;OUI
SAANR_FOURRAGE_2;2002;FR;METRO;NR76;82;Cultures développées;3.12.2;Superficie toujours en herbe (STH);Groupe d'indicateurs;020.08;Production séche (volume);777644;OUI
SAANR_FOURRAGE_2;2002;FR;METRO;NR76;09;Cultures développées;3.12.2;Superficie toujours en herbe (STH);Groupe d'indicateurs;050.07;Superficie concernée;153297;OUI
SAANR_FOURRAGE_2;2002;FR;METRO;NR76;11;Cultures développées;3.12.2;Superficie toujours en herbe (STH);Groupe d'indicateurs;050.07;Superficie concernée;58102;OUI
SAANR_FOURRAGE_2;2002;FR;METRO;NR76;12;Cultures développées;3.12.2;Superficie toujours en herbe (STH);Groupe d'indicateurs;050.07;Superficie concernée;258678;OUI
SAANR_FOURRAGE_2;2002;FR;METRO;NR76;30;Cultures développées;3.12.2;Superficie toujours en herbe (STH);Groupe d'indicateurs;050.07;Superficie concernée;58444;OUI
SAANR_FOURRAGE_2;2002;FR;METRO;NR76;31;Cultures développées;3.12.2;Superficie toujours en herbe (STH);Groupe d'indicateurs;050.07;Superficie concernée;71758;OUI
SAANR_FOURRAGE_2;2002;FR;METRO;NR76;32;Cultures développées;3.12.2;Superficie toujours en herbe (STH);Groupe d'indicateurs;050.07;Superficie concernée;36805;OUI
SAANR_FOURRAGE_2;2002;FR;METRO;NR76;34;Cultures développées;3.12.2;Superficie toujours en herbe (STH);Groupe d'indicateurs;050.07;Superficie concernée;67442;OUI
SAANR_FOURRAGE_2;2002;FR;METRO;NR76;46;Cultures développées;3.12.2;Superficie toujours en herbe (STH);Groupe d'indicateurs;050.07;Superficie concernée;113127;OUI
SAANR_FOURRAGE_2;2002;FR;METRO;NR76;48;Cultures développées;3.12.2;Superficie toujours en herbe (STH);Groupe d'indicateurs;050.07;Superficie concernée;209213;OUI
SAANR_FOURRAGE_2;2002;FR;METRO;NR76;65;Cultures développées;3.12.2;Superficie toujours en herbe (STH);Groupe d'indicateurs;050.07;Superficie concernée;143842;OUI
SAANR_FOURRAGE_2;2002;FR;METRO;NR76;66;Cultures développées;3.12.2;Superficie toujours en herbe (STH);Groupe d'indicateurs;050.07;Superficie concernée;84744;OUI
SAANR_FOURRAGE_2;2002;FR;METRO;NR76;81;Cultures développées;3.12.2;Superficie toujours en herbe (STH);Groupe d'indicateurs;050.07;Superficie concernée;73480;OUI
SAANR_FOURRAGE_2;2002;FR;METRO;NR76;82;Cultures développées;3.12.2;Superficie toujours en herbe (STH);Groupe d'indicateurs;050.07;Superficie concernée;32758;OUI
SAANR_FOURRAGE_2;2002;FR;METRO;NR76;09;Cultures développées;3.12.2;Superficie toujours en herbe (STH);Groupe d'indicateurs;070.02;Rendement matière sèche;20.2;OUI
SAANR_FOURRAGE_2;2002;FR;METRO;NR76;11;Cultures développées;3.12.2;Superficie toujours en herbe (STH);Groupe d'indicateurs;070.02;Rendement matière sèche;13;OUI
SAANR_FOURRAGE_2;2002;FR;METRO;NR76;12;Cultures développées;3.12.2;Superficie toujours en herbe (STH);Groupe d'indicateurs;070.02;Rendement matière sèche;41.6;OUI
SAANR_FOURRAGE_2;2002;FR;METRO;NR76;30;Cultures développées;3.12.2;Superficie toujours en herbe (STH);Groupe d'indicateurs;070.02;Rendement matière sèche;12.2;OUI
SAANR_FOURRAGE_2;2002;FR;METRO;NR76;31;Cultures développées;3.12.2;Superficie toujours en herbe (STH);Groupe d'indicateurs;070.02;Rendement matière sèche;31;OUI
SAANR_FOURRAGE_2;2002;FR;METRO;NR76;32;Cultures développées;3.12.2;Superficie toujours en herbe (STH);Groupe d'indicateurs;070.02;Rendement matière sèche;23.3;OUI
SAANR_FOURRAGE_2;2002;FR;METRO;NR76;34;Cultures développées;3.12.2;Superficie toujours en herbe (STH);Groupe d'indicateurs;070.02;Rendement matière sèche;3.8;OUI
SAANR_FOURRAGE_2;2002;FR;METRO;NR76;46;Cultures développées;3.12.2;Superficie toujours en herbe (STH);Groupe d'indicateurs;070.02;Rendement matière sèche;22.5;OUI
SAANR_FOURRAGE_2;2002;FR;METRO;NR76;48;Cultures développées;3.12.2;Superficie toujours en herbe (STH);Groupe d'indicateurs;070.02;Rendement matière sèche;14;OUI
SAANR_FOURRAGE_2;2002;FR;METRO;NR76;65;Cultures développées;3.12.2;Superficie toujours en herbe (STH);Groupe d'indicateurs;070.02;Rendement matière sèche;31.7;OUI
SAANR_FOURRAGE_2;2002;FR;METRO;NR76;66;Cultures développées;3.12.2;Superficie toujours en herbe (STH);Groupe d'indicateurs;070.02;Rendement matière sèche;9.1;OUI
SAANR_FOURRAGE_2;2002;FR;METRO;NR76;81;Cultures développées;3.12.2;Superficie toujours en herbe (STH);Groupe d'indicateurs;070.02;Rendement matière sèche;32.9;OUI
SAANR_FOURRAGE_2;2002;FR;METRO;NR76;82;Cultures développées;3.12.2;Superficie toujours en herbe (STH);Groupe d'indicateurs;070.02;Rendement matière sèche;23.7;OUI
SAANR_FOURRAGE_2;2002;FR;METRO;NR76;09;Cultures développées;3.12.2.11;Prairies naturelles ou semées depuis plus de 6 ans;Groupe d'indicateurs;020.08;Production séche (volume);1954524;OUI
SAANR_FOURRAGE_2;2002;FR;METRO;NR76;11;Cultures développées;3.12.2.11;Prairies naturelles ou semées depuis plus de 6 ans;Groupe d'indicateurs;020.08;Production séche (volume);439752;OUI
SAANR_FOURRAGE_2;2002;FR;METRO;NR76;12;Cultures développées;3.12.2.11;Prairies naturelles ou semées depuis plus de 6 ans;Groupe d'indicateurs;020.08;Production séche (volume);9204000;OUI
SAANR_FOURRAGE_2;2002;FR;METRO;NR76;30;Cultures développées;3.12.2.11;Prairies naturelles ou semées depuis plus de 6 ans;Groupe d'indicateurs;020.08;Production séche (volume);269340;OUI
SAANR_FOURRAGE_2;2002;FR;METRO;NR76;31;Cultures développées;3.12.2.11;Prairies naturelles ou semées depuis plus de 6 ans;Groupe d'indicateurs;020.08;Production séche (volume);2011202;OUI
SAANR_FOURRAGE_2;2002;FR;METRO;NR76;32;Cultures développées;3.12.2.11;Prairies naturelles ou semées depuis plus de 6 ans;Groupe d'indicateurs;020.08;Production séche (volume);801900;OUI
SAANR_FOURRAGE_2;2002;FR;METRO;NR76;34;Cultures développées;3.12.2.11;Prairies naturelles ou semées depuis plus de 6 ans;Groupe d'indicateurs;020.08;Production séche (volume);78820;OUI
SAANR_FOURRAGE_2;2002;FR;METRO;NR76;46;Cultures développées;3.12.2.11;Prairies naturelles ou semées depuis plus de 6 ans;Groupe d'indicateurs;020.08;Production séche (volume);1856000;OUI
SAANR_FOURRAGE_2;2002;FR;METRO;NR76;48;Cultures développées;3.12.2.11;Prairies naturelles ou semées depuis plus de 6 ans;Groupe d'indicateurs;020.08;Production séche (volume);1919310;OUI
SAANR_FOURRAGE_2;2002;FR;METRO;NR76;65;Cultures développées;3.12.2.11;Prairies naturelles ou semées depuis plus de 6 ans;Groupe d'indicateurs;020.08;Production séche (volume);2053900;OUI
SAANR_FOURRAGE_2;2002;FR;METRO;NR76;66;Cultures développées;3.12.2.11;Prairies naturelles ou semées depuis plus de 6 ans;Groupe d'indicateurs;020.08;Production séche (volume);387772;OUI
SAANR_FOURRAGE_2;2002;FR;METRO;NR76;81;Cultures développées;3.12.2.11;Prairies naturelles ou semées depuis plus de 6 ans;Groupe d'indicateurs;020.08;Production séche (volume);2331000;OUI
SAANR_FOURRAGE_2;2002;FR;METRO;NR76;82;Cultures développées;3.12.2.11;Prairies naturelles ou semées depuis plus de 6 ans;Groupe d'indicateurs;020.08;Production séche (volume);611000;OUI
SAANR_FOURRAGE_2;2002;FR;METRO;NR76;09;Cultures développées;3.12.2.11;Prairies naturelles ou semées depuis plus de 6 ans;Groupe d'indicateurs;050.07;Superficie concernée;38324;OUI
SAANR_FOURRAGE_2;2002;FR;METRO;NR76;11;Cultures développées;3.12.2.11;Prairies naturelles ou semées depuis plus de 6 ans;Groupe d'indicateurs;050.07;Superficie concernée;18323;OUI
SAANR_FOURRAGE_2;2002;FR;METRO;NR76;12;Cultures développées;3.12.2.11;Prairies naturelles ou semées depuis plus de 6 ans;Groupe d'indicateurs;050.07;Superficie concernée;177000;OUI
SAANR_FOURRAGE_2;2002;FR;METRO;NR76;30;Cultures développées;3.12.2.11;Prairies naturelles ou semées depuis plus de 6 ans;Groupe d'indicateurs;050.07;Superficie concernée;8978;OUI
SAANR_FOURRAGE_2;2002;FR;METRO;NR76;31;Cultures développées;3.12.2.11;Prairies naturelles ou semées depuis plus de 6 ans;Groupe d'indicateurs;050.07;Superficie concernée;59153;OUI
SAANR_FOURRAGE_2;2002;FR;METRO;NR76;32;Cultures développées;3.12.2.11;Prairies naturelles ou semées depuis plus de 6 ans;Groupe d'indicateurs;050.07;Superficie concernée;29700;OUI
SAANR_FOURRAGE_2;2002;FR;METRO;NR76;34;Cultures développées;3.12.2.11;Prairies naturelles ou semées depuis plus de 6 ans;Groupe d'indicateurs;050.07;Superficie concernée;7882;OUI
SAANR_FOURRAGE_2;2002;FR;METRO;NR76;46;Cultures développées;3.12.2.11;Prairies naturelles ou semées depuis plus de 6 ans;Groupe d'indicateurs;050.07;Superficie concernée;64000;OUI
SAANR_FOURRAGE_2;2002;FR;METRO;NR76;48;Cultures développées;3.12.2.11;Prairies naturelles ou semées depuis plus de 6 ans;Groupe d'indicateurs;050.07;Superficie concernée;63977;OUI
SAANR_FOURRAGE_2;2002;FR;METRO;NR76;65;Cultures développées;3.12.2.11;Prairies naturelles ou semées depuis plus de 6 ans;Groupe d'indicateurs;050.07;Superficie concernée;43700;OUI
SAANR_FOURRAGE_2;2002;FR;METRO;NR76;66;Cultures développées;3.12.2.11;Prairies naturelles ou semées depuis plus de 6 ans;Groupe d'indicateurs;050.07;Superficie concernée;8813;OUI
SAANR_FOURRAGE_2;2002;FR;METRO;NR76;81;Cultures développées;3.12.2.11;Prairies naturelles ou semées depuis plus de 6 ans;Groupe d'indicateurs;050.07;Superficie concernée;66600;OUI
SAANR_FOURRAGE_2;2002;FR;METRO;NR76;82;Cultures développées;3.12.2.11;Prairies naturelles ou semées depuis plus de 6 ans;Groupe d'indicateurs;050.07;Superficie concernée;23500;OUI
SAANR_FOURRAGE_2;2002;FR;METRO;NR76;09;Cultures développées;3.12.2.11;Prairies naturelles ou semées depuis plus de 6 ans;Groupe d'indicateurs;070.02;Rendement matière sèche;51;OUI
SAANR_FOURRAGE_2;2002;FR;METRO;NR76;11;Cultures développées;3.12.2.11;Prairies naturelles ou semées depuis plus de 6 ans;Groupe d'indicateurs;070.02;Rendement matière sèche;24;OUI
SAANR_FOURRAGE_2;2002;FR;METRO;NR76;12;Cultures développées;3.12.2.11;Prairies naturelles ou semées depuis plus de 6 ans;Groupe d'indicateurs;070.02;Rendement matière sèche;52;OUI
SAANR_FOURRAGE_2;2002;FR;METRO;NR76;30;Cultures développées;3.12.2.11;Prairies naturelles ou semées depuis plus de 6 ans;Groupe d'indicateurs;070.02;Rendement matière sèche;30;OUI
SAANR_FOURRAGE_2;2002;FR;METRO;NR76;31;Cultures développées;3.12.2.11;Prairies naturelles ou semées depuis plus de 6 ans;Groupe d'indicateurs;070.02;Rendement matière sèche;34;OUI
SAANR_FOURRAGE_2;2002;FR;METRO;NR76;32;Cultures développées;3.12.2.11;Prairies naturelles ou semées depuis plus de 6 ans;Groupe d'indicateurs;070.02;Rendement matière sèche;27;OUI
SAANR_FOURRAGE_2;2002;FR;METRO;NR76;34;Cultures développées;3.12.2.11;Prairies naturelles ou semées depuis plus de 6 ans;Groupe d'indicateurs;070.02;Rendement matière sèche;10;OUI
SAANR_FOURRAGE_2;2002;FR;METRO;NR76;46;Cultures développées;3.12.2.11;Prairies naturelles ou semées depuis plus de 6 ans;Groupe d'indicateurs;070.02;Rendement matière sèche;29;OUI
SAANR_FOURRAGE_2;2002;FR;METRO;NR76;48;Cultures développées;3.12.2.11;Prairies naturelles ou semées depuis plus de 6 ans;Groupe d'indicateurs;070.02;Rendement matière sèche;30;OUI
SAANR_FOURRAGE_2;2002;FR;METRO;NR76;65;Cultures développées;3.12.2.11;Prairies naturelles ou semées depuis plus de 6 ans;Groupe d'indicateurs;070.02;Rendement matière sèche;47;OUI
SAANR_FOURRAGE_2;2002;FR;METRO;NR76;66;Cultures développées;3.12.2.11;Prairies naturelles ou semées depuis plus de 6 ans;Groupe d'indicateurs;070.02;Rendement matière sèche;44;OUI
SAANR_FOURRAGE_2;2002;FR;METRO;NR76;81;Cultures développées;3.12.2.11;Prairies naturelles ou semées depuis plus de 6 ans;Groupe d'indicateurs;070.02;Rendement matière sèche;35;OUI
SAANR_FOURRAGE_2;2002;FR;METRO;NR76;82;Cultures développées;3.12.2.11;Prairies naturelles ou semées depuis plus de 6 ans;Groupe d'indicateurs;070.02;Rendement matière sèche;26;OUI
SAANR_FOURRAGE_2;2002;FR;METRO;NR76;09;Cultures développées;3.12.2.12;STH (Superficies toujours en herbe) peu productives (pâturages pauvres);Groupe d'indicateurs;020.08;Production séche (volume);1149730;OUI
SAANR_FOURRAGE_2;2002;FR;METRO;NR76;11;Cultures développées;3.12.2.12;STH (Superficies toujours en herbe) peu productives (pâturages pauvres);Groupe d'indicateurs;020.08;Production séche (volume);318232;OUI
SAANR_FOURRAGE_2;2002;FR;METRO;NR76;12;Cultures développées;3.12.2.12;STH (Superficies toujours en herbe) peu productives (pâturages pauvres);Groupe d'indicateurs;020.08;Production séche (volume);1551882;OUI
SAANR_FOURRAGE_2;2002;FR;METRO;NR76;30;Cultures développées;3.12.2.12;STH (Superficies toujours en herbe) peu productives (pâturages pauvres);Groupe d'indicateurs;020.08;Production séche (volume);445194;OUI
SAANR_FOURRAGE_2;2002;FR;METRO;NR76;31;Cultures développées;3.12.2.12;STH (Superficies toujours en herbe) peu productives (pâturages pauvres);Groupe d'indicateurs;020.08;Production séche (volume);214285;OUI
SAANR_FOURRAGE_2;2002;FR;METRO;NR76;32;Cultures développées;3.12.2.12;STH (Superficies toujours en herbe) peu productives (pâturages pauvres);Groupe d'indicateurs;020.08;Production séche (volume);56840;OUI
SAANR_FOURRAGE_2;2002;FR;METRO;NR76;34;Cultures développées;3.12.2.12;STH (Superficies toujours en herbe) peu productives (pâturages pauvres);Groupe d'indicateurs;020.08;Production séche (volume);178680;OUI
SAANR_FOURRAGE_2;2002;FR;METRO;NR76;46;Cultures développées;3.12.2.12;STH (Superficies toujours en herbe) peu productives (pâturages pauvres);Groupe d'indicateurs;020.08;Production séche (volume);687778;OUI
SAANR_FOURRAGE_2;2002;FR;METRO;NR76;48;Cultures développées;3.12.2.12;STH (Superficies toujours en herbe) peu productives (pâturages pauvres);Groupe d'indicateurs;020.08;Production séche (volume);1016652;OUI
SAANR_FOURRAGE_2;2002;FR;METRO;NR76;65;Cultures développées;3.12.2.12;STH (Superficies toujours en herbe) peu productives (pâturages pauvres);Groupe d'indicateurs;020.08;Production séche (volume);2503550;OUI
SAANR_FOURRAGE_2;2002;FR;METRO;NR76;66;Cultures développées;3.12.2.12;STH (Superficies toujours en herbe) peu productives (pâturages pauvres);Groupe d'indicateurs;020.08;Production séche (volume);379655;OUI
SAANR_FOURRAGE_2;2002;FR;METRO;NR76;81;Cultures développées;3.12.2.12;STH (Superficies toujours en herbe) peu productives (pâturages pauvres);Groupe d'indicateurs;020.08;Production séche (volume);89440;OUI
SAANR_FOURRAGE_2;2002;FR;METRO;NR76;82;Cultures développées;3.12.2.12;STH (Superficies toujours en herbe) peu productives (pâturages pauvres);Groupe d'indicateurs;020.08;Production séche (volume);166644;OUI
SAANR_FOURRAGE_2;2002;FR;METRO;NR76;09;Cultures développées;3.12.2.12;STH (Superficies toujours en herbe) peu productives (pâturages pauvres);Groupe d'indicateurs;050.07;Superficie concernée;114973;OUI
SAANR_FOURRAGE_2;2002;FR;METRO;NR76;11;Cultures développées;3.12.2.12;STH (Superficies toujours en herbe) peu productives (pâturages pauvres);Groupe d'indicateurs;050.07;Superficie concernée;39779;OUI
SAANR_FOURRAGE_2;2002;FR;METRO;NR76;12;Cultures développées;3.12.2.12;STH (Superficies toujours en herbe) peu productives (pâturages pauvres);Groupe d'indicateurs;050.07;Superficie concernée;81678;OUI
SAANR_FOURRAGE_2;2002;FR;METRO;NR76;30;Cultures développées;3.12.2.12;STH (Superficies toujours en herbe) peu productives (pâturages pauvres);Groupe d'indicateurs;050.07;Superficie concernée;49466;OUI
SAANR_FOURRAGE_2;2002;FR;METRO;NR76;31;Cultures développées;3.12.2.12;STH (Superficies toujours en herbe) peu productives (pâturages pauvres);Groupe d'indicateurs;050.07;Superficie concernée;12605;OUI
SAANR_FOURRAGE_2;2002;FR;METRO;NR76;32;Cultures développées;3.12.2.12;STH (Superficies toujours en herbe) peu productives (pâturages pauvres);Groupe d'indicateurs;050.07;Superficie concernée;7105;OUI
SAANR_FOURRAGE_2;2002;FR;METRO;NR76;34;Cultures développées;3.12.2.12;STH (Superficies toujours en herbe) peu productives (pâturages pauvres);Groupe d'indicateurs;050.07;Superficie concernée;59560;OUI
SAANR_FOURRAGE_2;2002;FR;METRO;NR76;46;Cultures développées;3.12.2.12;STH (Superficies toujours en herbe) peu productives (pâturages pauvres);Groupe d'indicateurs;050.07;Superficie concernée;49127;OUI
SAANR_FOURRAGE_2;2002;FR;METRO;NR76;48;Cultures développées;3.12.2.12;STH (Superficies toujours en herbe) peu productives (pâturages pauvres);Groupe d'indicateurs;050.07;Superficie concernée;145236;OUI
SAANR_FOURRAGE_2;2002;FR;METRO;NR76;65;Cultures développées;3.12.2.12;STH (Superficies toujours en herbe) peu productives (pâturages pauvres);Groupe d'indicateurs;050.07;Superficie concernée;100142;OUI
SAANR_FOURRAGE_2;2002;FR;METRO;NR76;66;Cultures développées;3.12.2.12;STH (Superficies toujours en herbe) peu productives (pâturages pauvres);Groupe d'indicateurs;050.07;Superficie concernée;75931;OUI
SAANR_FOURRAGE_2;2002;FR;METRO;NR76;81;Cultures développées;3.12.2.12;STH (Superficies toujours en herbe) peu productives (pâturages pauvres);Groupe d'indicateurs;050.07;Superficie concernée;6880;OUI
SAANR_FOURRAGE_2;2002;FR;METRO;NR76;82;Cultures développées;3.12.2.12;STH (Superficies toujours en herbe) peu productives (pâturages pauvres);Groupe d'indicateurs;050.07;Superficie concernée;9258;OUI
SAANR_FOURRAGE_2;2002;FR;METRO;NR76;09;Cultures développées;3.12.2.12;STH (Superficies toujours en herbe) peu productives (pâturages pauvres);Groupe d'indicateurs;070.02;Rendement matière sèche;10;OUI
SAANR_FOURRAGE_2;2002;FR;METRO;NR76;11;Cultures développées;3.12.2.12;STH (Superficies toujours en herbe) peu productives (pâturages pauvres);Groupe d'indicateurs;070.02;Rendement matière sèche;8;OUI
SAANR_FOURRAGE_2;2002;FR;METRO;NR76;12;Cultures développées;3.12.2.12;STH (Superficies toujours en herbe) peu productives (pâturages pauvres);Groupe d'indicateurs;070.02;Rendement matière sèche;19;OUI
SAANR_FOURRAGE_2;2002;FR;METRO;NR76;30;Cultures développées;3.12.2.12;STH (Superficies toujours en herbe) peu productives (pâturages pauvres);Groupe d'indicateurs;070.02;Rendement matière sèche;9;OUI
SAANR_FOURRAGE_2;2002;FR;METRO;NR76;31;Cultures développées;3.12.2.12;STH (Superficies toujours en herbe) peu productives (pâturages pauvres);Groupe d'indicateurs;070.02;Rendement matière sèche;17;OUI
SAANR_FOURRAGE_2;2002;FR;METRO;NR76;32;Cultures développées;3.12.2.12;STH (Superficies toujours en herbe) peu productives (pâturages pauvres);Groupe d'indicateurs;070.02;Rendement matière sèche;8;OUI
SAANR_FOURRAGE_2;2002;FR;METRO;NR76;34;Cultures développées;3.12.2.12;STH (Superficies toujours en herbe) peu productives (pâturages pauvres);Groupe d'indicateurs;070.02;Rendement matière sèche;3;OUI
SAANR_FOURRAGE_2;2002;FR;METRO;NR76;46;Cultures développées;3.12.2.12;STH (Superficies toujours en herbe) peu productives (pâturages pauvres);Groupe d'indicateurs;070.02;Rendement matière sèche;14;OUI
SAANR_FOURRAGE_2;2002;FR;METRO;NR76;48;Cultures développées;3.12.2.12;STH (Superficies toujours en herbe) peu productives (pâturages pauvres);Groupe d'indicateurs;070.02;Rendement matière sèche;7;OUI
SAANR_FOURRAGE_2;2002;FR;METRO;NR76;65;Cultures développées;3.12.2.12;STH (Superficies toujours en herbe) peu productives (pâturages pauvres);Groupe d'indicateurs;070.02;Rendement matière sèche;25;OUI
SAANR_FOURRAGE_2;2002;FR;METRO;NR76;66;Cultures développées;3.12.2.12;STH (Superficies toujours en herbe) peu productives (pâturages pauvres);Groupe d'indicateurs;070.02;Rendement matière sèche;5;OUI
SAANR_FOURRAGE_2;2002;FR;METRO;NR76;81;Cultures développées;3.12.2.12;STH (Superficies toujours en herbe) peu productives (pâturages pauvres);Groupe d'indicateurs;070.02;Rendement matière sèche;13;OUI
SAANR_FOURRAGE_2;2002;FR;METRO;NR76;82;Cultures développées;3.12.2.12;STH (Superficies toujours en herbe) peu productives (pâturages pauvres);Groupe d'indicateurs;070.02;Rendement matière sèche;18;OUI
SAANR_FOURRAGE_2;2002;FR;METRO;NR84;01;Cultures développées;3;Fourrages annuels, prairies non permanentes et STH;Groupe d'indicateurs;020.08;Production séche (volume);8917454;OUI
SAANR_FOURRAGE_2;2002;FR;METRO;NR84;03;Cultures développées;3;Fourrages annuels, prairies non permanentes et STH;Groupe d'indicateurs;020.08;Production séche (volume);17162841;OUI
SAANR_FOURRAGE_2;2002;FR;METRO;NR84;07;Cultures développées;3;Fourrages annuels, prairies non permanentes et STH;Groupe d'indicateurs;020.08;Production séche (volume);3378124;OUI
SAANR_FOURRAGE_2;2002;FR;METRO;NR84;15;Cultures développées;3;Fourrages annuels, prairies non permanentes et STH;Groupe d'indicateurs;020.08;Production séche (volume);17575860;OUI
SAANR_FOURRAGE_2;2002;FR;METRO;NR84;26;Cultures développées;3;Fourrages annuels, prairies non permanentes et STH;Groupe d'indicateurs;020.08;Production séche (volume);2728532;OUI
SAANR_FOURRAGE_2;2002;FR;METRO;NR84;38;Cultures développées;3;Fourrages annuels, prairies non permanentes et STH;Groupe d'indicateurs;020.08;Production séche (volume);8521488;OUI
SAANR_FOURRAGE_2;2002;FR;METRO;NR84;42;Cultures développées;3;Fourrages annuels, prairies non permanentes et STH;Groupe d'indicateurs;020.08;Production séche (volume);11138304;OUI
SAANR_FOURRAGE_2;2002;FR;METRO;NR84;43;Cultures développées;3;Fourrages annuels, prairies non permanentes et STH;Groupe d'indicateurs;020.08;Production séche (volume);9928062;OUI
SAANR_FOURRAGE_2;2002;FR;METRO;NR84;63;Cultures développées;3;Fourrages annuels, prairies non permanentes et STH;Groupe d'indicateurs;020.08;Production séche (volume);15470787;OUI
SAANR_FOURRAGE_2;2002;FR;METRO;NR84;69;Cultures développées;3;Fourrages annuels, prairies non permanentes et STH;Groupe d'indicateurs;020.08;Production séche (volume);4339607;OUI
SAANR_FOURRAGE_2;2002;FR;METRO;NR84;73;Cultures développées;3;Fourrages annuels, prairies non permanentes et STH;Groupe d'indicateurs;020.08;Production séche (volume);3148509;OUI
SAANR_FOURRAGE_2;2002;FR;METRO;NR84;74;Cultures développées;3;Fourrages annuels, prairies non permanentes et STH;Groupe d'indicateurs;020.08;Production séche (volume);5904606;OUI
SAANR_FOURRAGE_2;2002;FR;METRO;NR84;01;Cultures développées;3;Fourrages annuels, prairies non permanentes et STH;Groupe d'indicateurs;050.07;Superficie concernée;145482;OUI
SAANR_FOURRAGE_2;2002;FR;METRO;NR84;03;Cultures développées;3;Fourrages annuels, prairies non permanentes et STH;Groupe d'indicateurs;050.07;Superficie concernée;370277;OUI
SAANR_FOURRAGE_2;2002;FR;METRO;NR84;07;Cultures développées;3;Fourrages annuels, prairies non permanentes et STH;Groupe d'indicateurs;050.07;Superficie concernée;115057;OUI
SAANR_FOURRAGE_2;2002;FR;METRO;NR84;15;Cultures développées;3;Fourrages annuels, prairies non permanentes et STH;Groupe d'indicateurs;050.07;Superficie concernée;353261;OUI
SAANR_FOURRAGE_2;2002;FR;METRO;NR84;26;Cultures développées;3;Fourrages annuels, prairies non permanentes et STH;Groupe d'indicateurs;050.07;Superficie concernée;79731;OUI
SAANR_FOURRAGE_2;2002;FR;METRO;NR84;38;Cultures développées;3;Fourrages annuels, prairies non permanentes et STH;Groupe d'indicateurs;050.07;Superficie concernée;190872;OUI
SAANR_FOURRAGE_2;2002;FR;METRO;NR84;42;Cultures développées;3;Fourrages annuels, prairies non permanentes et STH;Groupe d'indicateurs;050.07;Superficie concernée;221902;OUI
SAANR_FOURRAGE_2;2002;FR;METRO;NR84;43;Cultures développées;3;Fourrages annuels, prairies non permanentes et STH;Groupe d'indicateurs;050.07;Superficie concernée;196576;OUI
SAANR_FOURRAGE_2;2002;FR;METRO;NR84;63;Cultures développées;3;Fourrages annuels, prairies non permanentes et STH;Groupe d'indicateurs;050.07;Superficie concernée;308757;OUI
SAANR_FOURRAGE_2;2002;FR;METRO;NR84;69;Cultures développées;3;Fourrages annuels, prairies non permanentes et STH;Groupe d'indicateurs;050.07;Superficie concernée;83470;OUI
SAANR_FOURRAGE_2;2002;FR;METRO;NR84;73;Cultures développées;3;Fourrages annuels, prairies non permanentes et STH;Groupe d'indicateurs;050.07;Superficie concernée;112314;OUI
SAANR_FOURRAGE_2;2002;FR;METRO;NR84;74;Cultures développées;3;Fourrages annuels, prairies non permanentes et STH;Groupe d'indicateurs;050.07;Superficie concernée;121606;OUI
SAANR_FOURRAGE_2;2002;FR;METRO;NR84;01;Cultures développées;3;Fourrages annuels, prairies non permanentes et STH;Groupe d'indicateurs;070.02;Rendement matière sèche;;OUI
SAANR_FOURRAGE_2;2002;FR;METRO;NR84;03;Cultures développées;3;Fourrages annuels, prairies non permanentes et STH;Groupe d'indicateurs;070.02;Rendement matière sèche;;OUI
SAANR_FOURRAGE_2;2002;FR;METRO;NR84;07;Cultures développées;3;Fourrages annuels, prairies non permanentes et STH;Groupe d'indicateurs;070.02;Rendement matière sèche;;OUI
SAANR_FOURRAGE_2;2002;FR;METRO;NR84;15;Cultures développées;3;Fourrages annuels, prairies non permanentes et STH;Groupe d'indicateurs;070.02;Rendement matière sèche;;OUI
SAANR_FOURRAGE_2;2002;FR;METRO;NR84;26;Cultures développées;3;Fourrages annuels, prairies non permanentes et STH;Groupe d'indicateurs;070.02;Rendement matière sèche;;OUI
SAANR_FOURRAGE_2;2002;FR;METRO;NR84;38;Cultures développées;3;Fourrages annuels, prairies non permanentes et STH;Groupe d'indicateurs;070.02;Rendement matière sèche;;OUI
SAANR_FOURRAGE_2;2002;FR;METRO;NR84;42;Cultures développées;3;Fourrages annuels, prairies non permanentes et STH;Groupe d'indicateurs;070.02;Rendement matière sèche;;OUI
SAANR_FOURRAGE_2;2002;FR;METRO;NR84;43;Cultures développées;3;Fourrages annuels, prairies non permanentes et STH;Groupe d'indicateurs;070.02;Rendement matière sèche;;OUI
SAANR_FOURRAGE_2;2002;FR;METRO;NR84;63;Cultures développées;3;Fourrages annuels, prairies non permanentes et STH;Groupe d'indicateurs;070.02;Rendement matière sèche;;OUI
SAANR_FOURRAGE_2;2002;FR;METRO;NR84;69;Cultures développées;3;Fourrages annuels, prairies non permanentes et STH;Groupe d'indicateurs;070.02;Rendement matière sèche;;OUI
SAANR_FOURRAGE_2;2002;FR;METRO;NR84;73;Cultures développées;3;Fourrages annuels, prairies non permanentes et STH;Groupe d'indicateurs;070.02;Rendement matière sèche;;OUI
SAANR_FOURRAGE_2;2002;FR;METRO;NR84;74;Cultures développées;3;Fourrages annuels, prairies non permanentes et STH;Groupe d'indicateurs;070.02;Rendement matière sèche;;OUI
SAANR_FOURRAGE_2;2002;FR;METRO;NR84;01;Cultures développées;3.11;Fourrages annuels;Groupe d'indicateurs;020.08;Production séche (volume);1430850;OUI
SAANR_FOURRAGE_2;2002;FR;METRO;NR84;03;Cultures développées;3.11;Fourrages annuels;Groupe d'indicateurs;020.08;Production séche (volume);1039815;OUI
SAANR_FOURRAGE_2;2002;FR;METRO;NR84;07;Cultures développées;3.11;Fourrages annuels;Groupe d'indicateurs;020.08;Production séche (volume);260262;OUI
SAANR_FOURRAGE_2;2002;FR;METRO;NR84;15;Cultures développées;3.11;Fourrages annuels;Groupe d'indicateurs;020.08;Production séche (volume);732810;OUI
SAANR_FOURRAGE_2;2002;FR;METRO;NR84;26;Cultures développées;3.11;Fourrages annuels;Groupe d'indicateurs;020.08;Production séche (volume);220130;OUI
SAANR_FOURRAGE_2;2002;FR;METRO;NR84;38;Cultures développées;3.11;Fourrages annuels;Groupe d'indicateurs;020.08;Production séche (volume);1492176;OUI
SAANR_FOURRAGE_2;2002;FR;METRO;NR84;42;Cultures développées;3.11;Fourrages annuels;Groupe d'indicateurs;020.08;Production séche (volume);1479300;OUI
SAANR_FOURRAGE_2;2002;FR;METRO;NR84;43;Cultures développées;3.11;Fourrages annuels;Groupe d'indicateurs;020.08;Production séche (volume);759060;OUI
SAANR_FOURRAGE_2;2002;FR;METRO;NR84;63;Cultures développées;3.11;Fourrages annuels;Groupe d'indicateurs;020.08;Production séche (volume);556524;OUI
SAANR_FOURRAGE_2;2002;FR;METRO;NR84;69;Cultures développées;3.11;Fourrages annuels;Groupe d'indicateurs;020.08;Production séche (volume);971080;OUI
SAANR_FOURRAGE_2;2002;FR;METRO;NR84;73;Cultures développées;3.11;Fourrages annuels;Groupe d'indicateurs;020.08;Production séche (volume);178216;OUI
SAANR_FOURRAGE_2;2002;FR;METRO;NR84;74;Cultures développées;3.11;Fourrages annuels;Groupe d'indicateurs;020.08;Production séche (volume);415900;OUI
SAANR_FOURRAGE_2;2002;FR;METRO;NR84;01;Cultures développées;3.11;Fourrages annuels;Groupe d'indicateurs;050.07;Superficie concernée;11135;OUI
SAANR_FOURRAGE_2;2002;FR;METRO;NR84;03;Cultures développées;3.11;Fourrages annuels;Groupe d'indicateurs;050.07;Superficie concernée;8862;OUI
SAANR_FOURRAGE_2;2002;FR;METRO;NR84;07;Cultures développées;3.11;Fourrages annuels;Groupe d'indicateurs;050.07;Superficie concernée;2505;OUI
SAANR_FOURRAGE_2;2002;FR;METRO;NR84;15;Cultures développées;3.11;Fourrages annuels;Groupe d'indicateurs;050.07;Superficie concernée;5637;OUI
SAANR_FOURRAGE_2;2002;FR;METRO;NR84;26;Cultures développées;3.11;Fourrages annuels;Groupe d'indicateurs;050.07;Superficie concernée;1786;OUI
SAANR_FOURRAGE_2;2002;FR;METRO;NR84;38;Cultures développées;3.11;Fourrages annuels;Groupe d'indicateurs;050.07;Superficie concernée;11172;OUI
SAANR_FOURRAGE_2;2002;FR;METRO;NR84;42;Cultures développées;3.11;Fourrages annuels;Groupe d'indicateurs;050.07;Superficie concernée;14899;OUI
SAANR_FOURRAGE_2;2002;FR;METRO;NR84;43;Cultures développées;3.11;Fourrages annuels;Groupe d'indicateurs;050.07;Superficie concernée;8321;OUI
SAANR_FOURRAGE_2;2002;FR;METRO;NR84;63;Cultures développées;3.11;Fourrages annuels;Groupe d'indicateurs;050.07;Superficie concernée;5655;OUI
SAANR_FOURRAGE_2;2002;FR;METRO;NR84;69;Cultures développées;3.11;Fourrages annuels;Groupe d'indicateurs;050.07;Superficie concernée;8713;OUI
SAANR_FOURRAGE_2;2002;FR;METRO;NR84;73;Cultures développées;3.11;Fourrages annuels;Groupe d'indicateurs;050.07;Superficie concernée;1233;OUI
SAANR_FOURRAGE_2;2002;FR;METRO;NR84;74;Cultures développées;3.11;Fourrages annuels;Groupe d'indicateurs;050.07;Superficie concernée;3622;OUI
SAANR_FOURRAGE_2;2002;FR;METRO;NR84;01;Cultures développées;3.11;Fourrages annuels;Groupe d'indicateurs;070.02;Rendement matière sèche;;OUI
SAANR_FOURRAGE_2;2002;FR;METRO;NR84;03;Cultures développées;3.11;Fourrages annuels;Groupe d'indicateurs;070.02;Rendement matière sèche;;OUI
SAANR_FOURRAGE_2;2002;FR;METRO;NR84;07;Cultures développées;3.11;Fourrages annuels;Groupe d'indicateurs;070.02;Rendement matière sèche;;OUI
SAANR_FOURRAGE_2;2002;FR;METRO;NR84;15;Cultures développées;3.11;Fourrages annuels;Groupe d'indicateurs;070.02;Rendement matière sèche;;OUI
SAANR_FOURRAGE_2;2002;FR;METRO;NR84;26;Cultures développées;3.11;Fourrages annuels;Groupe d'indicateurs;070.02;Rendement matière sèche;;OUI
SAANR_FOURRAGE_2;2002;FR;METRO;NR84;38;Cultures développées;3.11;Fourrages annuels;Groupe d'indicateurs;070.02;Rendement matière sèche;;OUI
SAANR_FOURRAGE_2;2002;FR;METRO;NR84;42;Cultures développées;3.11;Fourrages annuels;Groupe d'indicateurs;070.02;Rendement matière sèche;;OUI
SAANR_FOURRAGE_2;2002;FR;METRO;NR84;43;Cultures développées;3.11;Fourrages annuels;Groupe d'indicateurs;070.02;Rendement matière sèche;;OUI
SAANR_FOURRAGE_2;2002;FR;METRO;NR84;63;Cultures développées;3.11;Fourrages annuels;Groupe d'indicateurs;070.02;Rendement matière sèche;;OUI
SAANR_FOURRAGE_2;2002;FR;METRO;NR84;69;Cultures développées;3.11;Fourrages annuels;Groupe d'indicateurs;070.02;Rendement matière sèche;;OUI
SAANR_FOURRAGE_2;2002;FR;METRO;NR84;73;Cultures développées;3.11;Fourrages annuels;Groupe d'indicateurs;070.02;Rendement matière sèche;;OUI
SAANR_FOURRAGE_2;2002;FR;METRO;NR84;74;Cultures développées;3.11;Fourrages annuels;Groupe d'indicateurs;070.02;Rendement matière sèche;;OUI
SAANR_FOURRAGE_2;2002;FR;METRO;NR84;01;Cultures développées;3.11.1;Maïs fourrage et ensilage (plante entière);Groupe d'indicateurs;020.08;Production séche (volume);1404130;OUI
SAANR_FOURRAGE_2;2002;FR;METRO;NR84;03;Cultures développées;3.11.1;Maïs fourrage et ensilage (plante entière);Groupe d'indicateurs;020.08;Production séche (volume);1000440;OUI
SAANR_FOURRAGE_2;2002;FR;METRO;NR84;07;Cultures développées;3.11.1;Maïs fourrage et ensilage (plante entière);Groupe d'indicateurs;020.08;Production séche (volume);240840;OUI
SAANR_FOURRAGE_2;2002;FR;METRO;NR84;15;Cultures développées;3.11.1;Maïs fourrage et ensilage (plante entière);Groupe d'indicateurs;020.08;Production séche (volume);732810;OUI
SAANR_FOURRAGE_2;2002;FR;METRO;NR84;26;Cultures développées;3.11.1;Maïs fourrage et ensilage (plante entière);Groupe d'indicateurs;020.08;Production séche (volume);183600;OUI
SAANR_FOURRAGE_2;2002;FR;METRO;NR84;38;Cultures développées;3.11.1;Maïs fourrage et ensilage (plante entière);Groupe d'indicateurs;020.08;Production séche (volume);1459220;OUI
SAANR_FOURRAGE_2;2002;FR;METRO;NR84;42;Cultures développées;3.11.1;Maïs fourrage et ensilage (plante entière);Groupe d'indicateurs;020.08;Production séche (volume);1468700;OUI
SAANR_FOURRAGE_2;2002;FR;METRO;NR84;43;Cultures développées;3.11.1;Maïs fourrage et ensilage (plante entière);Groupe d'indicateurs;020.08;Production séche (volume);699300;OUI
SAANR_FOURRAGE_2;2002;FR;METRO;NR84;63;Cultures développées;3.11.1;Maïs fourrage et ensilage (plante entière);Groupe d'indicateurs;020.08;Production séche (volume);545100;OUI
SAANR_FOURRAGE_2;2002;FR;METRO;NR84;69;Cultures développées;3.11.1;Maïs fourrage et ensilage (plante entière);Groupe d'indicateurs;020.08;Production séche (volume);933840;OUI
SAANR_FOURRAGE_2;2002;FR;METRO;NR84;73;Cultures développées;3.11.1;Maïs fourrage et ensilage (plante entière);Groupe d'indicateurs;020.08;Production séche (volume);171300;OUI
SAANR_FOURRAGE_2;2002;FR;METRO;NR84;74;Cultures développées;3.11.1;Maïs fourrage et ensilage (plante entière);Groupe d'indicateurs;020.08;Production séche (volume);414920;OUI
SAANR_FOURRAGE_2;2002;FR;METRO;NR84;01;Cultures développées;3.11.1;Maïs fourrage et ensilage (plante entière);Groupe d'indicateurs;050.07;Superficie concernée;10801;OUI
SAANR_FOURRAGE_2;2002;FR;METRO;NR84;03;Cultures développées;3.11.1;Maïs fourrage et ensilage (plante entière);Groupe d'indicateurs;050.07;Superficie concernée;8337;OUI
SAANR_FOURRAGE_2;2002;FR;METRO;NR84;07;Cultures développées;3.11.1;Maïs fourrage et ensilage (plante entière);Groupe d'indicateurs;050.07;Superficie concernée;2007;OUI
SAANR_FOURRAGE_2;2002;FR;METRO;NR84;15;Cultures développées;3.11.1;Maïs fourrage et ensilage (plante entière);Groupe d'indicateurs;050.07;Superficie concernée;5637;OUI
SAANR_FOURRAGE_2;2002;FR;METRO;NR84;26;Cultures développées;3.11.1;Maïs fourrage et ensilage (plante entière);Groupe d'indicateurs;050.07;Superficie concernée;1224;OUI
SAANR_FOURRAGE_2;2002;FR;METRO;NR84;38;Cultures développées;3.11.1;Maïs fourrage et ensilage (plante entière);Groupe d'indicateurs;050.07;Superficie concernée;10423;OUI
SAANR_FOURRAGE_2;2002;FR;METRO;NR84;42;Cultures développées;3.11.1;Maïs fourrage et ensilage (plante entière);Groupe d'indicateurs;050.07;Superficie concernée;14687;OUI
SAANR_FOURRAGE_2;2002;FR;METRO;NR84;43;Cultures développées;3.11.1;Maïs fourrage et ensilage (plante entière);Groupe d'indicateurs;050.07;Superficie concernée;6993;OUI
SAANR_FOURRAGE_2;2002;FR;METRO;NR84;63;Cultures développées;3.11.1;Maïs fourrage et ensilage (plante entière);Groupe d'indicateurs;050.07;Superficie concernée;5451;OUI
SAANR_FOURRAGE_2;2002;FR;METRO;NR84;69;Cultures développées;3.11.1;Maïs fourrage et ensilage (plante entière);Groupe d'indicateurs;050.07;Superficie concernée;7782;OUI
SAANR_FOURRAGE_2;2002;FR;METRO;NR84;73;Cultures développées;3.11.1;Maïs fourrage et ensilage (plante entière);Groupe d'indicateurs;050.07;Superficie concernée;1142;OUI
SAANR_FOURRAGE_2;2002;FR;METRO;NR84;74;Cultures développées;3.11.1;Maïs fourrage et ensilage (plante entière);Groupe d'indicateurs;050.07;Superficie concernée;3608;OUI
SAANR_FOURRAGE_2;2002;FR;METRO;NR84;01;Cultures développées;3.11.1;Maïs fourrage et ensilage (plante entière);Groupe d'indicateurs;070.02;Rendement matière sèche;130;OUI
SAANR_FOURRAGE_2;2002;FR;METRO;NR84;03;Cultures développées;3.11.1;Maïs fourrage et ensilage (plante entière);Groupe d'indicateurs;070.02;Rendement matière sèche;120;OUI
SAANR_FOURRAGE_2;2002;FR;METRO;NR84;07;Cultures développées;3.11.1;Maïs fourrage et ensilage (plante entière);Groupe d'indicateurs;070.02;Rendement matière sèche;120;OUI
SAANR_FOURRAGE_2;2002;FR;METRO;NR84;15;Cultures développées;3.11.1;Maïs fourrage et ensilage (plante entière);Groupe d'indicateurs;070.02;Rendement matière sèche;130;OUI
SAANR_FOURRAGE_2;2002;FR;METRO;NR84;26;Cultures développées;3.11.1;Maïs fourrage et ensilage (plante entière);Groupe d'indicateurs;070.02;Rendement matière sèche;150;OUI
SAANR_FOURRAGE_2;2002;FR;METRO;NR84;38;Cultures développées;3.11.1;Maïs fourrage et ensilage (plante entière);Groupe d'indicateurs;070.02;Rendement matière sèche;140;OUI
SAANR_FOURRAGE_2;2002;FR;METRO;NR84;42;Cultures développées;3.11.1;Maïs fourrage et ensilage (plante entière);Groupe d'indicateurs;070.02;Rendement matière sèche;100;OUI
SAANR_FOURRAGE_2;2002;FR;METRO;NR84;43;Cultures développées;3.11.1;Maïs fourrage et ensilage (plante entière);Groupe d'indicateurs;070.02;Rendement matière sèche;100;OUI
SAANR_FOURRAGE_2;2002;FR;METRO;NR84;63;Cultures développées;3.11.1;Maïs fourrage et ensilage (plante entière);Groupe d'indicateurs;070.02;Rendement matière sèche;100;OUI
SAANR_FOURRAGE_2;2002;FR;METRO;NR84;69;Cultures développées;3.11.1;Maïs fourrage et ensilage (plante entière);Groupe d'indicateurs;070.02;Rendement matière sèche;120;OUI
SAANR_FOURRAGE_2;2002;FR;METRO;NR84;73;Cultures développées;3.11.1;Maïs fourrage et ensilage (plante entière);Groupe d'indicateurs;070.02;Rendement matière sèche;150;OUI
SAANR_FOURRAGE_2;2002;FR;METRO;NR84;74;Cultures développées;3.11.1;Maïs fourrage et ensilage (plante entière);Groupe d'indicateurs;070.02;Rendement matière sèche;115;OUI
SAANR_FOURRAGE_2;2002;FR;METRO;NR84;01;Cultures développées;3.11.1.12;Maïs fourrage et ensilage (plante entière) non irrigué;Groupe d'indicateurs;020.08;Production séche (volume);1404130;OUI
SAANR_FOURRAGE_2;2002;FR;METRO;NR84;03;Cultures développées;3.11.1.12;Maïs fourrage et ensilage (plante entière) non irrigué;Groupe d'indicateurs;020.08;Production séche (volume);1000440;OUI
SAANR_FOURRAGE_2;2002;FR;METRO;NR84;07;Cultures développées;3.11.1.12;Maïs fourrage et ensilage (plante entière) non irrigué;Groupe d'indicateurs;020.08;Production séche (volume);240840;OUI
SAANR_FOURRAGE_2;2002;FR;METRO;NR84;15;Cultures développées;3.11.1.12;Maïs fourrage et ensilage (plante entière) non irrigué;Groupe d'indicateurs;020.08;Production séche (volume);732810;OUI
SAANR_FOURRAGE_2;2002;FR;METRO;NR84;26;Cultures développées;3.11.1.12;Maïs fourrage et ensilage (plante entière) non irrigué;Groupe d'indicateurs;020.08;Production séche (volume);183600;OUI
SAANR_FOURRAGE_2;2002;FR;METRO;NR84;38;Cultures développées;3.11.1.12;Maïs fourrage et ensilage (plante entière) non irrigué;Groupe d'indicateurs;020.08;Production séche (volume);1459220;OUI
SAANR_FOURRAGE_2;2002;FR;METRO;NR84;42;Cultures développées;3.11.1.12;Maïs fourrage et ensilage (plante entière) non irrigué;Groupe d'indicateurs;020.08;Production séche (volume);1468700;OUI
SAANR_FOURRAGE_2;2002;FR;METRO;NR84;43;Cultures développées;3.11.1.12;Maïs fourrage et ensilage (plante entière) non irrigué;Groupe d'indicateurs;020.08;Production séche (volume);699300;OUI
SAANR_FOURRAGE_2;2002;FR;METRO;NR84;63;Cultures développées;3.11.1.12;Maïs fourrage et ensilage (plante entière) non irrigué;Groupe d'indicateurs;020.08;Production séche (volume);545100;OUI
SAANR_FOURRAGE_2;2002;FR;METRO;NR84;69;Cultures développées;3.11.1.12;Maïs fourrage et ensilage (plante entière) non irrigué;Groupe d'indicateurs;020.08;Production séche (volume);933840;OUI
SAANR_FOURRAGE_2;2002;FR;METRO;NR84;73;Cultures développées;3.11.1.12;Maïs fourrage et ensilage (plante entière) non irrigué;Groupe d'indicateurs;020.08;Production séche (volume);171300;OUI
SAANR_FOURRAGE_2;2002;FR;METRO;NR84;74;Cultures développées;3.11.1.12;Maïs fourrage et ensilage (plante entière) non irrigué;Groupe d'indicateurs;020.08;Production séche (volume);414920;OUI
SAANR_FOURRAGE_2;2002;FR;METRO;NR84;01;Cultures développées;3.11.1.12;Maïs fourrage et ensilage (plante entière) non irrigué;Groupe d'indicateurs;050.07;Superficie concernée;10801;OUI
SAANR_FOURRAGE_2;2002;FR;METRO;NR84;03;Cultures développées;3.11.1.12;Maïs fourrage et ensilage (plante entière) non irrigué;Groupe d'indicateurs;050.07;Superficie concernée;8337;OUI
SAANR_FOURRAGE_2;2002;FR;METRO;NR84;07;Cultures développées;3.11.1.12;Maïs fourrage et ensilage (plante entière) non irrigué;Groupe d'indicateurs;050.07;Superficie concernée;2007;OUI
SAANR_FOURRAGE_2;2002;FR;METRO;NR84;15;Cultures développées;3.11.1.12;Maïs fourrage et ensilage (plante entière) non irrigué;Groupe d'indicateurs;050.07;Superficie concernée;5637;OUI
SAANR_FOURRAGE_2;2002;FR;METRO;NR84;26;Cultures développées;3.11.1.12;Maïs fourrage et ensilage (plante entière) non irrigué;Groupe d'indicateurs;050.07;Superficie concernée;1224;OUI
SAANR_FOURRAGE_2;2002;FR;METRO;NR84;38;Cultures développées;3.11.1.12;Maïs fourrage et ensilage (plante entière) non irrigué;Groupe d'indicateurs;050.07;Superficie concernée;10423;OUI
SAANR_FOURRAGE_2;2002;FR;METRO;NR84;42;Cultures développées;3.11.1.12;Maïs fourrage et ensilage (plante entière) non irrigué;Groupe d'indicateurs;050.07;Superficie concernée;14687;OUI
SAANR_FOURRAGE_2;2002;FR;METRO;NR84;43;Cultures développées;3.11.1.12;Maïs fourrage et ensilage (plante entière) non irrigué;Groupe d'indicateurs;050.07;Superficie concernée;6993;OUI
SAANR_FOURRAGE_2;2002;FR;METRO;NR84;63;Cultures développées;3.11.1.12;Maïs fourrage et ensilage (plante entière) non irrigué;Groupe d'indicateurs;050.07;Superficie concernée;5451;OUI
SAANR_FOURRAGE_2;2002;FR;METRO;NR84;69;Cultures développées;3.11.1.12;Maïs fourrage et ensilage (plante entière) non irrigué;Groupe d'indicateurs;050.07;Superficie concernée;7782;OUI
SAANR_FOURRAGE_2;2002;FR;METRO;NR84;73;Cultures développées;3.11.1.12;Maïs fourrage et ensilage (plante entière) non irrigué;Groupe d'indicateurs;050.07;Superficie concernée;1142;OUI
SAANR_FOURRAGE_2;2002;FR;METRO;NR84;74;Cultures développées;3.11.1.12;Maïs fourrage et ensilage (plante entière) non irrigué;Groupe d'indicateurs;050.07;Superficie concernée;3608;OUI
SAANR_FOURRAGE_2;2002;FR;METRO;NR84;01;Cultures développées;3.11.1.12;Maïs fourrage et ensilage (plante entière) non irrigué;Groupe d'indicateurs;070.02;Rendement matière sèche;130;OUI
SAANR_FOURRAGE_2;2002;FR;METRO;NR84;03;Cultures développées;3.11.1.12;Maïs fourrage et ensilage (plante entière) non irrigué;Groupe d'indicateurs;070.02;Rendement matière sèche;120;OUI
SAANR_FOURRAGE_2;2002;FR;METRO;NR84;07;Cultures développées;3.11.1.12;Maïs fourrage et ensilage (plante entière) non irrigué;Groupe d'indicateurs;070.02;Rendement matière sèche;120;OUI
SAANR_FOURRAGE_2;2002;FR;METRO;NR84;15;Cultures développées;3.11.1.12;Maïs fourrage et ensilage (plante entière) non irrigué;Groupe d'indicateurs;070.02;Rendement matière sèche;130;OUI
SAANR_FOURRAGE_2;2002;FR;METRO;NR84;26;Cultures développées;3.11.1.12;Maïs fourrage et ensilage (plante entière) non irrigué;Groupe d'indicateurs;070.02;Rendement matière sèche;150;OUI
SAANR_FOURRAGE_2;2002;FR;METRO;NR84;38;Cultures développées;3.11.1.12;Maïs fourrage et ensilage (plante entière) non irrigué;Groupe d'indicateurs;070.02;Rendement matière sèche;140;OUI
SAANR_FOURRAGE_2;2002;FR;METRO;NR84;42;Cultures développées;3.11.1.12;Maïs fourrage et ensilage (plante entière) non irrigué;Groupe d'indicateurs;070.02;Rendement matière sèche;100;OUI
SAANR_FOURRAGE_2;2002;FR;METRO;NR84;43;Cultures développées;3.11.1.12;Maïs fourrage et ensilage (plante entière) non irrigué;Groupe d'indicateurs;070.02;Rendement matière sèche;100;OUI
SAANR_FOURRAGE_2;2002;FR;METRO;NR84;63;Cultures développées;3.11.1.12;Maïs fourrage et ensilage (plante entière) non irrigué;Groupe d'indicateurs;070.02;Rendement matière sèche;100;OUI
SAANR_FOURRAGE_2;2002;FR;METRO;NR84;69;Cultures développées;3.11.1.12;Maïs fourrage et ensilage (plante entière) non irrigué;Groupe d'indicateurs;070.02;Rendement matière sèche;120;OUI
SAANR_FOURRAGE_2;2002;FR;METRO;NR84;73;Cultures développées;3.11.1.12;Maïs fourrage et ensilage (plante entière) non irrigué;Groupe d'indicateurs;070.02;Rendement matière sèche;150;OUI
SAANR_FOURRAGE_2;2002;FR;METRO;NR84;74;Cultures développées;3.11.1.12;Maïs fourrage et ensilage (plante entière) non irrigué;Groupe d'indicateurs;070.02;Rendement matière sèche;115;OUI
SAANR_FOURRAGE_2;2002;FR;METRO;NR84;01;Cultures développées;3.11.9;Autres fourrages annuels, n.c.a.;Groupe d'indicateurs;020.08;Production séche (volume);26720;OUI
SAANR_FOURRAGE_2;2002;FR;METRO;NR84;03;Cultures développées;3.11.9;Autres fourrages annuels, n.c.a.;Groupe d'indicateurs;020.08;Production séche (volume);39375;OUI
SAANR_FOURRAGE_2;2002;FR;METRO;NR84;07;Cultures développées;3.11.9;Autres fourrages annuels, n.c.a.;Groupe d'indicateurs;020.08;Production séche (volume);19422;OUI
SAANR_FOURRAGE_2;2002;FR;METRO;NR84;15;Cultures développées;3.11.9;Autres fourrages annuels, n.c.a.;Groupe d'indicateurs;020.08;Production séche (volume);0;OUI
SAANR_FOURRAGE_2;2002;FR;METRO;NR84;26;Cultures développées;3.11.9;Autres fourrages annuels, n.c.a.;Groupe d'indicateurs;020.08;Production séche (volume);36530;OUI
SAANR_FOURRAGE_2;2002;FR;METRO;NR84;38;Cultures développées;3.11.9;Autres fourrages annuels, n.c.a.;Groupe d'indicateurs;020.08;Production séche (volume);32956;OUI
SAANR_FOURRAGE_2;2002;FR;METRO;NR84;42;Cultures développées;3.11.9;Autres fourrages annuels, n.c.a.;Groupe d'indicateurs;020.08;Production séche (volume);10600;OUI
SAANR_FOURRAGE_2;2002;FR;METRO;NR84;43;Cultures développées;3.11.9;Autres fourrages annuels, n.c.a.;Groupe d'indicateurs;020.08;Production séche (volume);59760;OUI
SAANR_FOURRAGE_2;2002;FR;METRO;NR84;63;Cultures développées;3.11.9;Autres fourrages annuels, n.c.a.;Groupe d'indicateurs;020.08;Production séche (volume);11424;OUI
SAANR_FOURRAGE_2;2002;FR;METRO;NR84;69;Cultures développées;3.11.9;Autres fourrages annuels, n.c.a.;Groupe d'indicateurs;020.08;Production séche (volume);37240;OUI
SAANR_FOURRAGE_2;2002;FR;METRO;NR84;73;Cultures développées;3.11.9;Autres fourrages annuels, n.c.a.;Groupe d'indicateurs;020.08;Production séche (volume);6916;OUI
SAANR_FOURRAGE_2;2002;FR;METRO;NR84;74;Cultures développées;3.11.9;Autres fourrages annuels, n.c.a.;Groupe d'indicateurs;020.08;Production séche (volume);980;OUI
SAANR_FOURRAGE_2;2002;FR;METRO;NR84;01;Cultures développées;3.11.9;Autres fourrages annuels, n.c.a.;Groupe d'indicateurs;050.07;Superficie concernée;334;OUI
SAANR_FOURRAGE_2;2002;FR;METRO;NR84;03;Cultures développées;3.11.9;Autres fourrages annuels, n.c.a.;Groupe d'indicateurs;050.07;Superficie concernée;525;OUI
SAANR_FOURRAGE_2;2002;FR;METRO;NR84;07;Cultures développées;3.11.9;Autres fourrages annuels, n.c.a.;Groupe d'indicateurs;050.07;Superficie concernée;498;OUI
SAANR_FOURRAGE_2;2002;FR;METRO;NR84;15;Cultures développées;3.11.9;Autres fourrages annuels, n.c.a.;Groupe d'indicateurs;050.07;Superficie concernée;0;OUI
SAANR_FOURRAGE_2;2002;FR;METRO;NR84;26;Cultures développées;3.11.9;Autres fourrages annuels, n.c.a.;Groupe d'indicateurs;050.07;Superficie concernée;562;OUI
SAANR_FOURRAGE_2;2002;FR;METRO;NR84;38;Cultures développées;3.11.9;Autres fourrages annuels, n.c.a.;Groupe d'indicateurs;050.07;Superficie concernée;749;OUI
SAANR_FOURRAGE_2;2002;FR;METRO;NR84;42;Cultures développées;3.11.9;Autres fourrages annuels, n.c.a.;Groupe d'indicateurs;050.07;Superficie concernée;212;OUI
SAANR_FOURRAGE_2;2002;FR;METRO;NR84;43;Cultures développées;3.11.9;Autres fourrages annuels, n.c.a.;Groupe d'indicateurs;050.07;Superficie concernée;1328;OUI
SAANR_FOURRAGE_2;2002;FR;METRO;NR84;63;Cultures développées;3.11.9;Autres fourrages annuels, n.c.a.;Groupe d'indicateurs;050.07;Superficie concernée;204;OUI
SAANR_FOURRAGE_2;2002;FR;METRO;NR84;69;Cultures développées;3.11.9;Autres fourrages annuels, n.c.a.;Groupe d'indicateurs;050.07;Superficie concernée;931;OUI
SAANR_FOURRAGE_2;2002;FR;METRO;NR84;73;Cultures développées;3.11.9;Autres fourrages annuels, n.c.a.;Groupe d'indicateurs;050.07;Superficie concernée;91;OUI
SAANR_FOURRAGE_2;2002;FR;METRO;NR84;74;Cultures développées;3.11.9;Autres fourrages annuels, n.c.a.;Groupe d'indicateurs;050.07;Superficie concernée;14;OUI
SAANR_FOURRAGE_2;2002;FR;METRO;NR84;01;Cultures développées;3.12;Prairies non permanentes et STH;Groupe d'indicateurs;020.08;Production séche (volume);7486604;OUI
SAANR_FOURRAGE_2;2002;FR;METRO;NR84;03;Cultures développées;3.12;Prairies non permanentes et STH;Groupe d'indicateurs;020.08;Production séche (volume);16123026;OUI
SAANR_FOURRAGE_2;2002;FR;METRO;NR84;07;Cultures développées;3.12;Prairies non permanentes et STH;Groupe d'indicateurs;020.08;Production séche (volume);3117862;OUI
SAANR_FOURRAGE_2;2002;FR;METRO;NR84;15;Cultures développées;3.12;Prairies non permanentes et STH;Groupe d'indicateurs;020.08;Production séche (volume);16843050;OUI
SAANR_FOURRAGE_2;2002;FR;METRO;NR84;26;Cultures développées;3.12;Prairies non permanentes et STH;Groupe d'indicateurs;020.08;Production séche (volume);2508402;OUI
SAANR_FOURRAGE_2;2002;FR;METRO;NR84;38;Cultures développées;3.12;Prairies non permanentes et STH;Groupe d'indicateurs;020.08;Production séche (volume);7029312;OUI
SAANR_FOURRAGE_2;2002;FR;METRO;NR84;42;Cultures développées;3.12;Prairies non permanentes et STH;Groupe d'indicateurs;020.08;Production séche (volume);9659004;OUI
SAANR_FOURRAGE_2;2002;FR;METRO;NR84;43;Cultures développées;3.12;Prairies non permanentes et STH;Groupe d'indicateurs;020.08;Production séche (volume);9169002;OUI
SAANR_FOURRAGE_2;2002;FR;METRO;NR84;63;Cultures développées;3.12;Prairies non permanentes et STH;Groupe d'indicateurs;020.08;Production séche (volume);14914263;OUI
SAANR_FOURRAGE_2;2002;FR;METRO;NR84;69;Cultures développées;3.12;Prairies non permanentes et STH;Groupe d'indicateurs;020.08;Production séche (volume);3368527;OUI
SAANR_FOURRAGE_2;2002;FR;METRO;NR84;73;Cultures développées;3.12;Prairies non permanentes et STH;Groupe d'indicateurs;020.08;Production séche (volume);2970293;OUI
SAANR_FOURRAGE_2;2002;FR;METRO;NR84;74;Cultures développées;3.12;Prairies non permanentes et STH;Groupe d'indicateurs;020.08;Production séche (volume);5488706;OUI
SAANR_FOURRAGE_2;2002;FR;METRO;NR84;01;Cultures développées;3.12;Prairies non permanentes et STH;Groupe d'indicateurs;050.07;Superficie concernée;134347;OUI
SAANR_FOURRAGE_2;2002;FR;METRO;NR84;03;Cultures développées;3.12;Prairies non permanentes et STH;Groupe d'indicateurs;050.07;Superficie concernée;361415;OUI
SAANR_FOURRAGE_2;2002;FR;METRO;NR84;07;Cultures développées;3.12;Prairies non permanentes et STH;Groupe d'indicateurs;050.07;Superficie concernée;112552;OUI
SAANR_FOURRAGE_2;2002;FR;METRO;NR84;15;Cultures développées;3.12;Prairies non permanentes et STH;Groupe d'indicateurs;050.07;Superficie concernée;347624;OUI
SAANR_FOURRAGE_2;2002;FR;METRO;NR84;26;Cultures développées;3.12;Prairies non permanentes et STH;Groupe d'indicateurs;050.07;Superficie concernée;77945;OUI
SAANR_FOURRAGE_2;2002;FR;METRO;NR84;38;Cultures développées;3.12;Prairies non permanentes et STH;Groupe d'indicateurs;050.07;Superficie concernée;179700;OUI
SAANR_FOURRAGE_2;2002;FR;METRO;NR84;42;Cultures développées;3.12;Prairies non permanentes et STH;Groupe d'indicateurs;050.07;Superficie concernée;207003;OUI
SAANR_FOURRAGE_2;2002;FR;METRO;NR84;43;Cultures développées;3.12;Prairies non permanentes et STH;Groupe d'indicateurs;050.07;Superficie concernée;188255;OUI
SAANR_FOURRAGE_2;2002;FR;METRO;NR84;63;Cultures développées;3.12;Prairies non permanentes et STH;Groupe d'indicateurs;050.07;Superficie concernée;303102;OUI
SAANR_FOURRAGE_2;2002;FR;METRO;NR84;69;Cultures développées;3.12;Prairies non permanentes et STH;Groupe d'indicateurs;050.07;Superficie concernée;74757;OUI
SAANR_FOURRAGE_2;2002;FR;METRO;NR84;73;Cultures développées;3.12;Prairies non permanentes et STH;Groupe d'indicateurs;050.07;Superficie concernée;111081;OUI
SAANR_FOURRAGE_2;2002;FR;METRO;NR84;74;Cultures développées;3.12;Prairies non permanentes et STH;Groupe d'indicateurs;050.07;Superficie concernée;117984;OUI
SAANR_FOURRAGE_2;2002;FR;METRO;NR84;01;Cultures développées;3.12;Prairies non permanentes et STH;Groupe d'indicateurs;070.02;Rendement matière sèche;55.7;OUI
SAANR_FOURRAGE_2;2002;FR;METRO;NR84;03;Cultures développées;3.12;Prairies non permanentes et STH;Groupe d'indicateurs;070.02;Rendement matière sèche;44.6;OUI
SAANR_FOURRAGE_2;2002;FR;METRO;NR84;07;Cultures développées;3.12;Prairies non permanentes et STH;Groupe d'indicateurs;070.02;Rendement matière sèche;27.7;OUI
SAANR_FOURRAGE_2;2002;FR;METRO;NR84;15;Cultures développées;3.12;Prairies non permanentes et STH;Groupe d'indicateurs;070.02;Rendement matière sèche;48.5;OUI
SAANR_FOURRAGE_2;2002;FR;METRO;NR84;26;Cultures développées;3.12;Prairies non permanentes et STH;Groupe d'indicateurs;070.02;Rendement matière sèche;32.2;OUI
SAANR_FOURRAGE_2;2002;FR;METRO;NR84;38;Cultures développées;3.12;Prairies non permanentes et STH;Groupe d'indicateurs;070.02;Rendement matière sèche;39.1;OUI
SAANR_FOURRAGE_2;2002;FR;METRO;NR84;42;Cultures développées;3.12;Prairies non permanentes et STH;Groupe d'indicateurs;070.02;Rendement matière sèche;46.7;OUI
SAANR_FOURRAGE_2;2002;FR;METRO;NR84;43;Cultures développées;3.12;Prairies non permanentes et STH;Groupe d'indicateurs;070.02;Rendement matière sèche;48.7;OUI
SAANR_FOURRAGE_2;2002;FR;METRO;NR84;63;Cultures développées;3.12;Prairies non permanentes et STH;Groupe d'indicateurs;070.02;Rendement matière sèche;49.2;OUI
SAANR_FOURRAGE_2;2002;FR;METRO;NR84;69;Cultures développées;3.12;Prairies non permanentes et STH;Groupe d'indicateurs;070.02;Rendement matière sèche;45.1;OUI
SAANR_FOURRAGE_2;2002;FR;METRO;NR84;73;Cultures développées;3.12;Prairies non permanentes et STH;Groupe d'indicateurs;070.02;Rendement matière sèche;26.7;OUI
SAANR_FOURRAGE_2;2002;FR;METRO;NR84;74;Cultures développées;3.12;Prairies non permanentes et STH;Groupe d'indicateurs;070.02;Rendement matière sèche;46.5;OUI
SAANR_FOURRAGE_2;2002;FR;METRO;NR84;01;Cultures développées;3.12.1;Prairies non permanentes;Groupe d'indicateurs;020.08;Production séche (volume);1732077;OUI
SAANR_FOURRAGE_2;2002;FR;METRO;NR84;03;Cultures développées;3.12.1;Prairies non permanentes;Groupe d'indicateurs;020.08;Production séche (volume);6004984;OUI
SAANR_FOURRAGE_2;2002;FR;METRO;NR84;07;Cultures développées;3.12.1;Prairies non permanentes;Groupe d'indicateurs;020.08;Production séche (volume);519090;OUI
SAANR_FOURRAGE_2;2002;FR;METRO;NR84;15;Cultures développées;3.12.1;Prairies non permanentes;Groupe d'indicateurs;020.08;Production séche (volume);3562023;OUI
SAANR_FOURRAGE_2;2002;FR;METRO;NR84;26;Cultures développées;3.12.1;Prairies non permanentes;Groupe d'indicateurs;020.08;Production séche (volume);1367001;OUI
SAANR_FOURRAGE_2;2002;FR;METRO;NR84;38;Cultures développées;3.12.1;Prairies non permanentes;Groupe d'indicateurs;020.08;Production séche (volume);1164462;OUI
SAANR_FOURRAGE_2;2002;FR;METRO;NR84;42;Cultures développées;3.12.1;Prairies non permanentes;Groupe d'indicateurs;020.08;Production séche (volume);2643774;OUI
SAANR_FOURRAGE_2;2002;FR;METRO;NR84;43;Cultures développées;3.12.1;Prairies non permanentes;Groupe d'indicateurs;020.08;Production séche (volume);3042774;OUI
SAANR_FOURRAGE_2;2002;FR;METRO;NR84;63;Cultures développées;3.12.1;Prairies non permanentes;Groupe d'indicateurs;020.08;Production séche (volume);3093434;OUI
SAANR_FOURRAGE_2;2002;FR;METRO;NR84;69;Cultures développées;3.12.1;Prairies non permanentes;Groupe d'indicateurs;020.08;Production séche (volume);904567;OUI
SAANR_FOURRAGE_2;2002;FR;METRO;NR84;73;Cultures développées;3.12.1;Prairies non permanentes;Groupe d'indicateurs;020.08;Production séche (volume);257781;OUI
SAANR_FOURRAGE_2;2002;FR;METRO;NR84;74;Cultures développées;3.12.1;Prairies non permanentes;Groupe d'indicateurs;020.08;Production séche (volume);1323677;OUI
SAANR_FOURRAGE_2;2002;FR;METRO;NR84;01;Cultures développées;3.12.1;Prairies non permanentes;Groupe d'indicateurs;050.07;Superficie concernée;21654;OUI
SAANR_FOURRAGE_2;2002;FR;METRO;NR84;03;Cultures développées;3.12.1;Prairies non permanentes;Groupe d'indicateurs;050.07;Superficie concernée;92671;OUI
SAANR_FOURRAGE_2;2002;FR;METRO;NR84;07;Cultures développées;3.12.1;Prairies non permanentes;Groupe d'indicateurs;050.07;Superficie concernée;7062;OUI
SAANR_FOURRAGE_2;2002;FR;METRO;NR84;15;Cultures développées;3.12.1;Prairies non permanentes;Groupe d'indicateurs;050.07;Superficie concernée;53115;OUI
SAANR_FOURRAGE_2;2002;FR;METRO;NR84;26;Cultures développées;3.12.1;Prairies non permanentes;Groupe d'indicateurs;050.07;Superficie concernée;18096;OUI
SAANR_FOURRAGE_2;2002;FR;METRO;NR84;38;Cultures développées;3.12.1;Prairies non permanentes;Groupe d'indicateurs;050.07;Superficie concernée;18962;OUI
SAANR_FOURRAGE_2;2002;FR;METRO;NR84;42;Cultures développées;3.12.1;Prairies non permanentes;Groupe d'indicateurs;050.07;Superficie concernée;44107;OUI
SAANR_FOURRAGE_2;2002;FR;METRO;NR84;43;Cultures développées;3.12.1;Prairies non permanentes;Groupe d'indicateurs;050.07;Superficie concernée;39633;OUI
SAANR_FOURRAGE_2;2002;FR;METRO;NR84;63;Cultures développées;3.12.1;Prairies non permanentes;Groupe d'indicateurs;050.07;Superficie concernée;42559;OUI
SAANR_FOURRAGE_2;2002;FR;METRO;NR84;69;Cultures développées;3.12.1;Prairies non permanentes;Groupe d'indicateurs;050.07;Superficie concernée;13237;OUI
SAANR_FOURRAGE_2;2002;FR;METRO;NR84;73;Cultures développées;3.12.1;Prairies non permanentes;Groupe d'indicateurs;050.07;Superficie concernée;3729;OUI
SAANR_FOURRAGE_2;2002;FR;METRO;NR84;74;Cultures développées;3.12.1;Prairies non permanentes;Groupe d'indicateurs;050.07;Superficie concernée;17994;OUI
SAANR_FOURRAGE_2;2002;FR;METRO;NR84;01;Cultures développées;3.12.1;Prairies non permanentes;Groupe d'indicateurs;070.02;Rendement matière sèche;80;OUI
SAANR_FOURRAGE_2;2002;FR;METRO;NR84;03;Cultures développées;3.12.1;Prairies non permanentes;Groupe d'indicateurs;070.02;Rendement matière sèche;64.8;OUI
SAANR_FOURRAGE_2;2002;FR;METRO;NR84;07;Cultures développées;3.12.1;Prairies non permanentes;Groupe d'indicateurs;070.02;Rendement matière sèche;73.5;OUI
SAANR_FOURRAGE_2;2002;FR;METRO;NR84;15;Cultures développées;3.12.1;Prairies non permanentes;Groupe d'indicateurs;070.02;Rendement matière sèche;67.1;OUI
SAANR_FOURRAGE_2;2002;FR;METRO;NR84;26;Cultures développées;3.12.1;Prairies non permanentes;Groupe d'indicateurs;070.02;Rendement matière sèche;75.5;OUI
SAANR_FOURRAGE_2;2002;FR;METRO;NR84;38;Cultures développées;3.12.1;Prairies non permanentes;Groupe d'indicateurs;070.02;Rendement matière sèche;61.4;OUI
SAANR_FOURRAGE_2;2002;FR;METRO;NR84;42;Cultures développées;3.12.1;Prairies non permanentes;Groupe d'indicateurs;070.02;Rendement matière sèche;59.9;OUI
SAANR_FOURRAGE_2;2002;FR;METRO;NR84;43;Cultures développées;3.12.1;Prairies non permanentes;Groupe d'indicateurs;070.02;Rendement matière sèche;76.8;OUI
SAANR_FOURRAGE_2;2002;FR;METRO;NR84;63;Cultures développées;3.12.1;Prairies non permanentes;Groupe d'indicateurs;070.02;Rendement matière sèche;72.7;OUI
SAANR_FOURRAGE_2;2002;FR;METRO;NR84;69;Cultures développées;3.12.1;Prairies non permanentes;Groupe d'indicateurs;070.02;Rendement matière sèche;68.3;OUI
SAANR_FOURRAGE_2;2002;FR;METRO;NR84;73;Cultures développées;3.12.1;Prairies non permanentes;Groupe d'indicateurs;070.02;Rendement matière sèche;69.1;OUI
SAANR_FOURRAGE_2;2002;FR;METRO;NR84;74;Cultures développées;3.12.1;Prairies non permanentes;Groupe d'indicateurs;070.02;Rendement matière sèche;73.6;OUI
SAANR_FOURRAGE_2;2002;FR;METRO;NR84;01;Cultures développées;3.12.1.11;Prairie artificielle (luzerne, trèfle violet, ...);Groupe d'indicateurs;020.08;Production séche (volume);167475;OUI
SAANR_FOURRAGE_2;2002;FR;METRO;NR84;03;Cultures développées;3.12.1.11;Prairie artificielle (luzerne, trèfle violet, ...);Groupe d'indicateurs;020.08;Production séche (volume);562810;OUI
SAANR_FOURRAGE_2;2002;FR;METRO;NR84;07;Cultures développées;3.12.1.11;Prairie artificielle (luzerne, trèfle violet, ...);Groupe d'indicateurs;020.08;Production séche (volume);255255;OUI
SAANR_FOURRAGE_2;2002;FR;METRO;NR84;15;Cultures développées;3.12.1.11;Prairie artificielle (luzerne, trèfle violet, ...);Groupe d'indicateurs;020.08;Production séche (volume);40369;OUI
SAANR_FOURRAGE_2;2002;FR;METRO;NR84;26;Cultures développées;3.12.1.11;Prairie artificielle (luzerne, trèfle violet, ...);Groupe d'indicateurs;020.08;Production séche (volume);932391;OUI
SAANR_FOURRAGE_2;2002;FR;METRO;NR84;38;Cultures développées;3.12.1.11;Prairie artificielle (luzerne, trèfle violet, ...);Groupe d'indicateurs;020.08;Production séche (volume);348450;OUI
SAANR_FOURRAGE_2;2002;FR;METRO;NR84;42;Cultures développées;3.12.1.11;Prairie artificielle (luzerne, trèfle violet, ...);Groupe d'indicateurs;020.08;Production séche (volume);395752;OUI
SAANR_FOURRAGE_2;2002;FR;METRO;NR84;43;Cultures développées;3.12.1.11;Prairie artificielle (luzerne, trèfle violet, ...);Groupe d'indicateurs;020.08;Production séche (volume);153330;OUI
SAANR_FOURRAGE_2;2002;FR;METRO;NR84;63;Cultures développées;3.12.1.11;Prairie artificielle (luzerne, trèfle violet, ...);Groupe d'indicateurs;020.08;Production séche (volume);742580;OUI
SAANR_FOURRAGE_2;2002;FR;METRO;NR84;69;Cultures développées;3.12.1.11;Prairie artificielle (luzerne, trèfle violet, ...);Groupe d'indicateurs;020.08;Production séche (volume);116446;OUI
SAANR_FOURRAGE_2;2002;FR;METRO;NR84;73;Cultures développées;3.12.1.11;Prairie artificielle (luzerne, trèfle violet, ...);Groupe d'indicateurs;020.08;Production séche (volume);37485;OUI
SAANR_FOURRAGE_2;2002;FR;METRO;NR84;74;Cultures développées;3.12.1.11;Prairie artificielle (luzerne, trèfle violet, ...);Groupe d'indicateurs;020.08;Production séche (volume);157794;OUI
SAANR_FOURRAGE_2;2002;FR;METRO;NR84;01;Cultures développées;3.12.1.11;Prairie artificielle (luzerne, trèfle violet, ...);Groupe d'indicateurs;050.07;Superficie concernée;1595;OUI
SAANR_FOURRAGE_2;2002;FR;METRO;NR84;03;Cultures développées;3.12.1.11;Prairie artificielle (luzerne, trèfle violet, ...);Groupe d'indicateurs;050.07;Superficie concernée;4894;OUI
SAANR_FOURRAGE_2;2002;FR;METRO;NR84;07;Cultures développées;3.12.1.11;Prairie artificielle (luzerne, trèfle violet, ...);Groupe d'indicateurs;050.07;Superficie concernée;3003;OUI
SAANR_FOURRAGE_2;2002;FR;METRO;NR84;15;Cultures développées;3.12.1.11;Prairie artificielle (luzerne, trèfle violet, ...);Groupe d'indicateurs;050.07;Superficie concernée;553;OUI
SAANR_FOURRAGE_2;2002;FR;METRO;NR84;26;Cultures développées;3.12.1.11;Prairie artificielle (luzerne, trèfle violet, ...);Groupe d'indicateurs;050.07;Superficie concernée;11511;OUI
SAANR_FOURRAGE_2;2002;FR;METRO;NR84;38;Cultures développées;3.12.1.11;Prairie artificielle (luzerne, trèfle violet, ...);Groupe d'indicateurs;050.07;Superficie concernée;4646;OUI
SAANR_FOURRAGE_2;2002;FR;METRO;NR84;42;Cultures développées;3.12.1.11;Prairie artificielle (luzerne, trèfle violet, ...);Groupe d'indicateurs;050.07;Superficie concernée;5348;OUI
SAANR_FOURRAGE_2;2002;FR;METRO;NR84;43;Cultures développées;3.12.1.11;Prairie artificielle (luzerne, trèfle violet, ...);Groupe d'indicateurs;050.07;Superficie concernée;1614;OUI
SAANR_FOURRAGE_2;2002;FR;METRO;NR84;63;Cultures développées;3.12.1.11;Prairie artificielle (luzerne, trèfle violet, ...);Groupe d'indicateurs;050.07;Superficie concernée;6940;OUI
SAANR_FOURRAGE_2;2002;FR;METRO;NR84;69;Cultures développées;3.12.1.11;Prairie artificielle (luzerne, trèfle violet, ...);Groupe d'indicateurs;050.07;Superficie concernée;1474;OUI
SAANR_FOURRAGE_2;2002;FR;METRO;NR84;73;Cultures développées;3.12.1.11;Prairie artificielle (luzerne, trèfle violet, ...);Groupe d'indicateurs;050.07;Superficie concernée;441;OUI
SAANR_FOURRAGE_2;2002;FR;METRO;NR84;74;Cultures développées;3.12.1.11;Prairie artificielle (luzerne, trèfle violet, ...);Groupe d'indicateurs;050.07;Superficie concernée;2023;OUI
SAANR_FOURRAGE_2;2002;FR;METRO;NR84;01;Cultures développées;3.12.1.11;Prairie artificielle (luzerne, trèfle violet, ...);Groupe d'indicateurs;070.02;Rendement matière sèche;105;OUI
SAANR_FOURRAGE_2;2002;FR;METRO;NR84;03;Cultures développées;3.12.1.11;Prairie artificielle (luzerne, trèfle violet, ...);Groupe d'indicateurs;070.02;Rendement matière sèche;115;OUI
SAANR_FOURRAGE_2;2002;FR;METRO;NR84;07;Cultures développées;3.12.1.11;Prairie artificielle (luzerne, trèfle violet, ...);Groupe d'indicateurs;070.02;Rendement matière sèche;85;OUI
SAANR_FOURRAGE_2;2002;FR;METRO;NR84;15;Cultures développées;3.12.1.11;Prairie artificielle (luzerne, trèfle violet, ...);Groupe d'indicateurs;070.02;Rendement matière sèche;73;OUI
SAANR_FOURRAGE_2;2002;FR;METRO;NR84;26;Cultures développées;3.12.1.11;Prairie artificielle (luzerne, trèfle violet, ...);Groupe d'indicateurs;070.02;Rendement matière sèche;81;OUI
SAANR_FOURRAGE_2;2002;FR;METRO;NR84;38;Cultures développées;3.12.1.11;Prairie artificielle (luzerne, trèfle violet, ...);Groupe d'indicateurs;070.02;Rendement matière sèche;75;OUI
SAANR_FOURRAGE_2;2002;FR;METRO;NR84;42;Cultures développées;3.12.1.11;Prairie artificielle (luzerne, trèfle violet, ...);Groupe d'indicateurs;070.02;Rendement matière sèche;74;OUI
SAANR_FOURRAGE_2;2002;FR;METRO;NR84;43;Cultures développées;3.12.1.11;Prairie artificielle (luzerne, trèfle violet, ...);Groupe d'indicateurs;070.02;Rendement matière sèche;95;OUI
SAANR_FOURRAGE_2;2002;FR;METRO;NR84;63;Cultures développées;3.12.1.11;Prairie artificielle (luzerne, trèfle violet, ...);Groupe d'indicateurs;070.02;Rendement matière sèche;107;OUI
SAANR_FOURRAGE_2;2002;FR;METRO;NR84;69;Cultures développées;3.12.1.11;Prairie artificielle (luzerne, trèfle violet, ...);Groupe d'indicateurs;070.02;Rendement matière sèche;79;OUI
SAANR_FOURRAGE_2;2002;FR;METRO;NR84;73;Cultures développées;3.12.1.11;Prairie artificielle (luzerne, trèfle violet, ...);Groupe d'indicateurs;070.02;Rendement matière sèche;85;OUI
SAANR_FOURRAGE_2;2002;FR;METRO;NR84;74;Cultures développées;3.12.1.11;Prairie artificielle (luzerne, trèfle violet, ...);Groupe d'indicateurs;070.02;Rendement matière sèche;78;OUI
SAANR_FOURRAGE_2;2002;FR;METRO;NR84;01;Cultures développées;3.12.1.11.2;Autres prairies artificielles;Groupe d'indicateurs;020.08;Production séche (volume);167475;OUI
SAANR_FOURRAGE_2;2002;FR;METRO;NR84;03;Cultures développées;3.12.1.11.2;Autres prairies artificielles;Groupe d'indicateurs;020.08;Production séche (volume);562810;OUI
SAANR_FOURRAGE_2;2002;FR;METRO;NR84;07;Cultures développées;3.12.1.11.2;Autres prairies artificielles;Groupe d'indicateurs;020.08;Production séche (volume);255255;OUI
SAANR_FOURRAGE_2;2002;FR;METRO;NR84;15;Cultures développées;3.12.1.11.2;Autres prairies artificielles;Groupe d'indicateurs;020.08;Production séche (volume);40369;OUI
SAANR_FOURRAGE_2;2002;FR;METRO;NR84;26;Cultures développées;3.12.1.11.2;Autres prairies artificielles;Groupe d'indicateurs;020.08;Production séche (volume);932391;OUI
SAANR_FOURRAGE_2;2002;FR;METRO;NR84;38;Cultures développées;3.12.1.11.2;Autres prairies artificielles;Groupe d'indicateurs;020.08;Production séche (volume);348450;OUI
SAANR_FOURRAGE_2;2002;FR;METRO;NR84;42;Cultures développées;3.12.1.11.2;Autres prairies artificielles;Groupe d'indicateurs;020.08;Production séche (volume);395752;OUI
SAANR_FOURRAGE_2;2002;FR;METRO;NR84;43;Cultures développées;3.12.1.11.2;Autres prairies artificielles;Groupe d'indicateurs;020.08;Production séche (volume);153330;OUI
SAANR_FOURRAGE_2;2002;FR;METRO;NR84;63;Cultures développées;3.12.1.11.2;Autres prairies artificielles;Groupe d'indicateurs;020.08;Production séche (volume);742580;OUI
SAANR_FOURRAGE_2;2002;FR;METRO;NR84;69;Cultures développées;3.12.1.11.2;Autres prairies artificielles;Groupe d'indicateurs;020.08;Production séche (volume);116446;OUI
SAANR_FOURRAGE_2;2002;FR;METRO;NR84;73;Cultures développées;3.12.1.11.2;Autres prairies artificielles;Groupe d'indicateurs;020.08;Production séche (volume);37485;OUI
SAANR_FOURRAGE_2;2002;FR;METRO;NR84;74;Cultures développées;3.12.1.11.2;Autres prairies artificielles;Groupe d'indicateurs;020.08;Production séche (volume);157794;OUI
SAANR_FOURRAGE_2;2002;FR;METRO;NR84;01;Cultures développées;3.12.1.11.2;Autres prairies artificielles;Groupe d'indicateurs;050.07;Superficie concernée;1595;OUI
SAANR_FOURRAGE_2;2002;FR;METRO;NR84;03;Cultures développées;3.12.1.11.2;Autres prairies artificielles;Groupe d'indicateurs;050.07;Superficie concernée;4894;OUI
SAANR_FOURRAGE_2;2002;FR;METRO;NR84;07;Cultures développées;3.12.1.11.2;Autres prairies artificielles;Groupe d'indicateurs;050.07;Superficie concernée;3003;OUI
SAANR_FOURRAGE_2;2002;FR;METRO;NR84;15;Cultures développées;3.12.1.11.2;Autres prairies artificielles;Groupe d'indicateurs;050.07;Superficie concernée;553;OUI
SAANR_FOURRAGE_2;2002;FR;METRO;NR84;26;Cultures développées;3.12.1.11.2;Autres prairies artificielles;Groupe d'indicateurs;050.07;Superficie concernée;11511;OUI
SAANR_FOURRAGE_2;2002;FR;METRO;NR84;38;Cultures développées;3.12.1.11.2;Autres prairies artificielles;Groupe d'indicateurs;050.07;Superficie concernée;4646;OUI
SAANR_FOURRAGE_2;2002;FR;METRO;NR84;42;Cultures développées;3.12.1.11.2;Autres prairies artificielles;Groupe d'indicateurs;050.07;Superficie concernée;5348;OUI
SAANR_FOURRAGE_2;2002;FR;METRO;NR84;43;Cultures développées;3.12.1.11.2;Autres prairies artificielles;Groupe d'indicateurs;050.07;Superficie concernée;1614;OUI
SAANR_FOURRAGE_2;2002;FR;METRO;NR84;63;Cultures développées;3.12.1.11.2;Autres prairies artificielles;Groupe d'indicateurs;050.07;Superficie concernée;6940;OUI
SAANR_FOURRAGE_2;2002;FR;METRO;NR84;69;Cultures développées;3.12.1.11.2;Autres prairies artificielles;Groupe d'indicateurs;050.07;Superficie concernée;1474;OUI
SAANR_FOURRAGE_2;2002;FR;METRO;NR84;73;Cultures développées;3.12.1.11.2;Autres prairies artificielles;Groupe d'indicateurs;050.07;Superficie concernée;441;OUI
SAANR_FOURRAGE_2;2002;FR;METRO;NR84;74;Cultures développées;3.12.1.11.2;Autres prairies artificielles;Groupe d'indicateurs;050.07;Superficie concernée;2023;OUI
SAANR_FOURRAGE_2;2002;FR;METRO;NR84;01;Cultures développées;3.12.1.11.2;Autres prairies artificielles;Groupe d'indicateurs;070.02;Rendement matière sèche;105;OUI
SAANR_FOURRAGE_2;2002;FR;METRO;NR84;03;Cultures développées;3.12.1.11.2;Autres prairies artificielles;Groupe d'indicateurs;070.02;Rendement matière sèche;115;OUI
SAANR_FOURRAGE_2;2002;FR;METRO;NR84;07;Cultures développées;3.12.1.11.2;Autres prairies artificielles;Groupe d'indicateurs;070.02;Rendement matière sèche;85;OUI
SAANR_FOURRAGE_2;2002;FR;METRO;NR84;15;Cultures développées;3.12.1.11.2;Autres prairies artificielles;Groupe d'indicateurs;070.02;Rendement matière sèche;73;OUI
SAANR_FOURRAGE_2;2002;FR;METRO;NR84;26;Cultures développées;3.12.1.11.2;Autres prairies artificielles;Groupe d'indicateurs;070.02;Rendement matière sèche;81;OUI
SAANR_FOURRAGE_2;2002;FR;METRO;NR84;38;Cultures développées;3.12.1.11.2;Autres prairies artificielles;Groupe d'indicateurs;070.02;Rendement matière sèche;75;OUI
SAANR_FOURRAGE_2;2002;FR;METRO;NR84;42;Cultures développées;3.12.1.11.2;Autres prairies artificielles;Groupe d'indicateurs;070.02;Rendement matière sèche;74;OUI
SAANR_FOURRAGE_2;2002;FR;METRO;NR84;43;Cultures développées;3.12.1.11.2;Autres prairies artificielles;Groupe d'indicateurs;070.02;Rendement matière sèche;95;OUI
SAANR_FOURRAGE_2;2002;FR;METRO;NR84;63;Cultures développées;3.12.1.11.2;Autres prairies artificielles;Groupe d'indicateurs;070.02;Rendement matière sèche;107;OUI
SAANR_FOURRAGE_2;2002;FR;METRO;NR84;69;Cultures développées;3.12.1.11.2;Autres prairies artificielles;Groupe d'indicateurs;070.02;Rendement matière sèche;79;OUI
SAANR_FOURRAGE_2;2002;FR;METRO;NR84;73;Cultures développées;3.12.1.11.2;Autres prairies artificielles;Groupe d'indicateurs;070.02;Rendement matière sèche;85;OUI
SAANR_FOURRAGE_2;2002;FR;METRO;NR84;74;Cultures développées;3.12.1.11.2;Autres prairies artificielles;Groupe d'indicateurs;070.02;Rendement matière sèche;78;OUI
SAANR_FOURRAGE_2;2002;FR;METRO;NR84;01;Cultures développées;3.12.1.12;Prairies temporaires;Groupe d'indicateurs;020.08;Production séche (volume);1564602;OUI
SAANR_FOURRAGE_2;2002;FR;METRO;NR84;03;Cultures développées;3.12.1.12;Prairies temporaires;Groupe d'indicateurs;020.08;Production séche (volume);5442174;OUI
SAANR_FOURRAGE_2;2002;FR;METRO;NR84;07;Cultures développées;3.12.1.12;Prairies temporaires;Groupe d'indicateurs;020.08;Production séche (volume);263835;OUI
SAANR_FOURRAGE_2;2002;FR;METRO;NR84;15;Cultures développées;3.12.1.12;Prairies temporaires;Groupe d'indicateurs;020.08;Production séche (volume);3521654;OUI
SAANR_FOURRAGE_2;2002;FR;METRO;NR84;26;Cultures développées;3.12.1.12;Prairies temporaires;Groupe d'indicateurs;020.08;Production séche (volume);434610;OUI
SAANR_FOURRAGE_2;2002;FR;METRO;NR84;38;Cultures développées;3.12.1.12;Prairies temporaires;Groupe d'indicateurs;020.08;Production séche (volume);816012;OUI
SAANR_FOURRAGE_2;2002;FR;METRO;NR84;42;Cultures développées;3.12.1.12;Prairies temporaires;Groupe d'indicateurs;020.08;Production séche (volume);2248022;OUI
SAANR_FOURRAGE_2;2002;FR;METRO;NR84;43;Cultures développées;3.12.1.12;Prairies temporaires;Groupe d'indicateurs;020.08;Production séche (volume);2889444;OUI
SAANR_FOURRAGE_2;2002;FR;METRO;NR84;63;Cultures développées;3.12.1.12;Prairies temporaires;Groupe d'indicateurs;020.08;Production séche (volume);2350854;OUI
SAANR_FOURRAGE_2;2002;FR;METRO;NR84;69;Cultures développées;3.12.1.12;Prairies temporaires;Groupe d'indicateurs;020.08;Production séche (volume);788121;OUI
SAANR_FOURRAGE_2;2002;FR;METRO;NR84;73;Cultures développées;3.12.1.12;Prairies temporaires;Groupe d'indicateurs;020.08;Production séche (volume);220296;OUI
SAANR_FOURRAGE_2;2002;FR;METRO;NR84;74;Cultures développées;3.12.1.12;Prairies temporaires;Groupe d'indicateurs;020.08;Production séche (volume);1165883;OUI
SAANR_FOURRAGE_2;2002;FR;METRO;NR84;01;Cultures développées;3.12.1.12;Prairies temporaires;Groupe d'indicateurs;050.07;Superficie concernée;20059;OUI
SAANR_FOURRAGE_2;2002;FR;METRO;NR84;03;Cultures développées;3.12.1.12;Prairies temporaires;Groupe d'indicateurs;050.07;Superficie concernée;87777;OUI
SAANR_FOURRAGE_2;2002;FR;METRO;NR84;07;Cultures développées;3.12.1.12;Prairies temporaires;Groupe d'indicateurs;050.07;Superficie concernée;4059;OUI
SAANR_FOURRAGE_2;2002;FR;METRO;NR84;15;Cultures développées;3.12.1.12;Prairies temporaires;Groupe d'indicateurs;050.07;Superficie concernée;52562;OUI
SAANR_FOURRAGE_2;2002;FR;METRO;NR84;26;Cultures développées;3.12.1.12;Prairies temporaires;Groupe d'indicateurs;050.07;Superficie concernée;6585;OUI
SAANR_FOURRAGE_2;2002;FR;METRO;NR84;38;Cultures développées;3.12.1.12;Prairies temporaires;Groupe d'indicateurs;050.07;Superficie concernée;14316;OUI
SAANR_FOURRAGE_2;2002;FR;METRO;NR84;42;Cultures développées;3.12.1.12;Prairies temporaires;Groupe d'indicateurs;050.07;Superficie concernée;38759;OUI
SAANR_FOURRAGE_2;2002;FR;METRO;NR84;43;Cultures développées;3.12.1.12;Prairies temporaires;Groupe d'indicateurs;050.07;Superficie concernée;38019;OUI
SAANR_FOURRAGE_2;2002;FR;METRO;NR84;63;Cultures développées;3.12.1.12;Prairies temporaires;Groupe d'indicateurs;050.07;Superficie concernée;35619;OUI
SAANR_FOURRAGE_2;2002;FR;METRO;NR84;69;Cultures développées;3.12.1.12;Prairies temporaires;Groupe d'indicateurs;050.07;Superficie concernée;11763;OUI
SAANR_FOURRAGE_2;2002;FR;METRO;NR84;73;Cultures développées;3.12.1.12;Prairies temporaires;Groupe d'indicateurs;050.07;Superficie concernée;3288;OUI
SAANR_FOURRAGE_2;2002;FR;METRO;NR84;74;Cultures développées;3.12.1.12;Prairies temporaires;Groupe d'indicateurs;050.07;Superficie concernée;15971;OUI
SAANR_FOURRAGE_2;2002;FR;METRO;NR84;01;Cultures développées;3.12.1.12;Prairies temporaires;Groupe d'indicateurs;070.02;Rendement matière sèche;78;OUI
SAANR_FOURRAGE_2;2002;FR;METRO;NR84;03;Cultures développées;3.12.1.12;Prairies temporaires;Groupe d'indicateurs;070.02;Rendement matière sèche;62;OUI
SAANR_FOURRAGE_2;2002;FR;METRO;NR84;07;Cultures développées;3.12.1.12;Prairies temporaires;Groupe d'indicateurs;070.02;Rendement matière sèche;65;OUI
SAANR_FOURRAGE_2;2002;FR;METRO;NR84;15;Cultures développées;3.12.1.12;Prairies temporaires;Groupe d'indicateurs;070.02;Rendement matière sèche;67;OUI
SAANR_FOURRAGE_2;2002;FR;METRO;NR84;26;Cultures développées;3.12.1.12;Prairies temporaires;Groupe d'indicateurs;070.02;Rendement matière sèche;66;OUI
SAANR_FOURRAGE_2;2002;FR;METRO;NR84;38;Cultures développées;3.12.1.12;Prairies temporaires;Groupe d'indicateurs;070.02;Rendement matière sèche;57;OUI
SAANR_FOURRAGE_2;2002;FR;METRO;NR84;42;Cultures développées;3.12.1.12;Prairies temporaires;Groupe d'indicateurs;070.02;Rendement matière sèche;58;OUI
SAANR_FOURRAGE_2;2002;FR;METRO;NR84;43;Cultures développées;3.12.1.12;Prairies temporaires;Groupe d'indicateurs;070.02;Rendement matière sèche;76;OUI
SAANR_FOURRAGE_2;2002;FR;METRO;NR84;63;Cultures développées;3.12.1.12;Prairies temporaires;Groupe d'indicateurs;070.02;Rendement matière sèche;66;OUI
SAANR_FOURRAGE_2;2002;FR;METRO;NR84;69;Cultures développées;3.12.1.12;Prairies temporaires;Groupe d'indicateurs;070.02;Rendement matière sèche;67;OUI
SAANR_FOURRAGE_2;2002;FR;METRO;NR84;73;Cultures développées;3.12.1.12;Prairies temporaires;Groupe d'indicateurs;070.02;Rendement matière sèche;67;OUI
SAANR_FOURRAGE_2;2002;FR;METRO;NR84;74;Cultures développées;3.12.1.12;Prairies temporaires;Groupe d'indicateurs;070.02;Rendement matière sèche;73;OUI
SAANR_FOURRAGE_2;2002;FR;METRO;NR84;01;Cultures développées;3.12.2;Superficie toujours en herbe (STH);Groupe d'indicateurs;020.08;Production séche (volume);5754527;OUI
SAANR_FOURRAGE_2;2002;FR;METRO;NR84;03;Cultures développées;3.12.2;Superficie toujours en herbe (STH);Groupe d'indicateurs;020.08;Production séche (volume);10118042;OUI
SAANR_FOURRAGE_2;2002;FR;METRO;NR84;07;Cultures développées;3.12.2;Superficie toujours en herbe (STH);Groupe d'indicateurs;020.08;Production séche (volume);2598772;OUI
SAANR_FOURRAGE_2;2002;FR;METRO;NR84;15;Cultures développées;3.12.2;Superficie toujours en herbe (STH);Groupe d'indicateurs;020.08;Production séche (volume);13281027;OUI
SAANR_FOURRAGE_2;2002;FR;METRO;NR84;26;Cultures développées;3.12.2;Superficie toujours en herbe (STH);Groupe d'indicateurs;020.08;Production séche (volume);1141401;OUI
SAANR_FOURRAGE_2;2002;FR;METRO;NR84;38;Cultures développées;3.12.2;Superficie toujours en herbe (STH);Groupe d'indicateurs;020.08;Production séche (volume);5864850;OUI
SAANR_FOURRAGE_2;2002;FR;METRO;NR84;42;Cultures développées;3.12.2;Superficie toujours en herbe (STH);Groupe d'indicateurs;020.08;Production séche (volume);7015230;OUI
SAANR_FOURRAGE_2;2002;FR;METRO;NR84;43;Cultures développées;3.12.2;Superficie toujours en herbe (STH);Groupe d'indicateurs;020.08;Production séche (volume);6126228;OUI
SAANR_FOURRAGE_2;2002;FR;METRO;NR84;63;Cultures développées;3.12.2;Superficie toujours en herbe (STH);Groupe d'indicateurs;020.08;Production séche (volume);11820829;OUI
SAANR_FOURRAGE_2;2002;FR;METRO;NR84;69;Cultures développées;3.12.2;Superficie toujours en herbe (STH);Groupe d'indicateurs;020.08;Production séche (volume);2463960;OUI
SAANR_FOURRAGE_2;2002;FR;METRO;NR84;73;Cultures développées;3.12.2;Superficie toujours en herbe (STH);Groupe d'indicateurs;020.08;Production séche (volume);2712512;OUI
SAANR_FOURRAGE_2;2002;FR;METRO;NR84;74;Cultures développées;3.12.2;Superficie toujours en herbe (STH);Groupe d'indicateurs;020.08;Production séche (volume);4165029;OUI
SAANR_FOURRAGE_2;2002;FR;METRO;NR84;01;Cultures développées;3.12.2;Superficie toujours en herbe (STH);Groupe d'indicateurs;050.07;Superficie concernée;112693;OUI
SAANR_FOURRAGE_2;2002;FR;METRO;NR84;03;Cultures développées;3.12.2;Superficie toujours en herbe (STH);Groupe d'indicateurs;050.07;Superficie concernée;268744;OUI
SAANR_FOURRAGE_2;2002;FR;METRO;NR84;07;Cultures développées;3.12.2;Superficie toujours en herbe (STH);Groupe d'indicateurs;050.07;Superficie concernée;105490;OUI
SAANR_FOURRAGE_2;2002;FR;METRO;NR84;15;Cultures développées;3.12.2;Superficie toujours en herbe (STH);Groupe d'indicateurs;050.07;Superficie concernée;294509;OUI
SAANR_FOURRAGE_2;2002;FR;METRO;NR84;26;Cultures développées;3.12.2;Superficie toujours en herbe (STH);Groupe d'indicateurs;050.07;Superficie concernée;59849;OUI
SAANR_FOURRAGE_2;2002;FR;METRO;NR84;38;Cultures développées;3.12.2;Superficie toujours en herbe (STH);Groupe d'indicateurs;050.07;Superficie concernée;160738;OUI
SAANR_FOURRAGE_2;2002;FR;METRO;NR84;42;Cultures développées;3.12.2;Superficie toujours en herbe (STH);Groupe d'indicateurs;050.07;Superficie concernée;162896;OUI
SAANR_FOURRAGE_2;2002;FR;METRO;NR84;43;Cultures développées;3.12.2;Superficie toujours en herbe (STH);Groupe d'indicateurs;050.07;Superficie concernée;148622;OUI
SAANR_FOURRAGE_2;2002;FR;METRO;NR84;63;Cultures développées;3.12.2;Superficie toujours en herbe (STH);Groupe d'indicateurs;050.07;Superficie concernée;260543;OUI
SAANR_FOURRAGE_2;2002;FR;METRO;NR84;69;Cultures développées;3.12.2;Superficie toujours en herbe (STH);Groupe d'indicateurs;050.07;Superficie concernée;61520;OUI
SAANR_FOURRAGE_2;2002;FR;METRO;NR84;73;Cultures développées;3.12.2;Superficie toujours en herbe (STH);Groupe d'indicateurs;050.07;Superficie concernée;107352;OUI
SAANR_FOURRAGE_2;2002;FR;METRO;NR84;74;Cultures développées;3.12.2;Superficie toujours en herbe (STH);Groupe d'indicateurs;050.07;Superficie concernée;99990;OUI
SAANR_FOURRAGE_2;2002;FR;METRO;NR84;01;Cultures développées;3.12.2;Superficie toujours en herbe (STH);Groupe d'indicateurs;070.02;Rendement matière sèche;51.1;OUI
SAANR_FOURRAGE_2;2002;FR;METRO;NR84;03;Cultures développées;3.12.2;Superficie toujours en herbe (STH);Groupe d'indicateurs;070.02;Rendement matière sèche;37.6;OUI
SAANR_FOURRAGE_2;2002;FR;METRO;NR84;07;Cultures développées;3.12.2;Superficie toujours en herbe (STH);Groupe d'indicateurs;070.02;Rendement matière sèche;24.6;OUI
SAANR_FOURRAGE_2;2002;FR;METRO;NR84;15;Cultures développées;3.12.2;Superficie toujours en herbe (STH);Groupe d'indicateurs;070.02;Rendement matière sèche;45.1;OUI
SAANR_FOURRAGE_2;2002;FR;METRO;NR84;26;Cultures développées;3.12.2;Superficie toujours en herbe (STH);Groupe d'indicateurs;070.02;Rendement matière sèche;19.1;OUI
SAANR_FOURRAGE_2;2002;FR;METRO;NR84;38;Cultures développées;3.12.2;Superficie toujours en herbe (STH);Groupe d'indicateurs;070.02;Rendement matière sèche;36.5;OUI
SAANR_FOURRAGE_2;2002;FR;METRO;NR84;42;Cultures développées;3.12.2;Superficie toujours en herbe (STH);Groupe d'indicateurs;070.02;Rendement matière sèche;43.1;OUI
SAANR_FOURRAGE_2;2002;FR;METRO;NR84;43;Cultures développées;3.12.2;Superficie toujours en herbe (STH);Groupe d'indicateurs;070.02;Rendement matière sèche;41.2;OUI
SAANR_FOURRAGE_2;2002;FR;METRO;NR84;63;Cultures développées;3.12.2;Superficie toujours en herbe (STH);Groupe d'indicateurs;070.02;Rendement matière sèche;45.4;OUI
SAANR_FOURRAGE_2;2002;FR;METRO;NR84;69;Cultures développées;3.12.2;Superficie toujours en herbe (STH);Groupe d'indicateurs;070.02;Rendement matière sèche;40.1;OUI
SAANR_FOURRAGE_2;2002;FR;METRO;NR84;73;Cultures développées;3.12.2;Superficie toujours en herbe (STH);Groupe d'indicateurs;070.02;Rendement matière sèche;25.3;OUI
SAANR_FOURRAGE_2;2002;FR;METRO;NR84;74;Cultures développées;3.12.2;Superficie toujours en herbe (STH);Groupe d'indicateurs;070.02;Rendement matière sèche;41.7;OUI
SAANR_FOURRAGE_2;2002;FR;METRO;NR84;01;Cultures développées;3.12.2.11;Prairies naturelles ou semées depuis plus de 6 ans;Groupe d'indicateurs;020.08;Production séche (volume);5630735;OUI
SAANR_FOURRAGE_2;2002;FR;METRO;NR84;03;Cultures développées;3.12.2.11;Prairies naturelles ou semées depuis plus de 6 ans;Groupe d'indicateurs;020.08;Production séche (volume);10013342;OUI
SAANR_FOURRAGE_2;2002;FR;METRO;NR84;07;Cultures développées;3.12.2.11;Prairies naturelles ou semées depuis plus de 6 ans;Groupe d'indicateurs;020.08;Production séche (volume);2026332;OUI
SAANR_FOURRAGE_2;2002;FR;METRO;NR84;15;Cultures développées;3.12.2.11;Prairies naturelles ou semées depuis plus de 6 ans;Groupe d'indicateurs;020.08;Production séche (volume);11608977;OUI
SAANR_FOURRAGE_2;2002;FR;METRO;NR84;26;Cultures développées;3.12.2.11;Prairies naturelles ou semées depuis plus de 6 ans;Groupe d'indicateurs;020.08;Production séche (volume);738381;OUI
SAANR_FOURRAGE_2;2002;FR;METRO;NR84;38;Cultures développées;3.12.2.11;Prairies naturelles ou semées depuis plus de 6 ans;Groupe d'indicateurs;020.08;Production séche (volume);4952610;OUI
SAANR_FOURRAGE_2;2002;FR;METRO;NR84;42;Cultures développées;3.12.2.11;Prairies naturelles ou semées depuis plus de 6 ans;Groupe d'indicateurs;020.08;Production séche (volume);6857685;OUI
SAANR_FOURRAGE_2;2002;FR;METRO;NR84;43;Cultures développées;3.12.2.11;Prairies naturelles ou semées depuis plus de 6 ans;Groupe d'indicateurs;020.08;Production séche (volume);5630460;OUI
SAANR_FOURRAGE_2;2002;FR;METRO;NR84;63;Cultures développées;3.12.2.11;Prairies naturelles ou semées depuis plus de 6 ans;Groupe d'indicateurs;020.08;Production séche (volume);11136603;OUI
SAANR_FOURRAGE_2;2002;FR;METRO;NR84;69;Cultures développées;3.12.2.11;Prairies naturelles ou semées depuis plus de 6 ans;Groupe d'indicateurs;020.08;Production séche (volume);2447760;OUI
SAANR_FOURRAGE_2;2002;FR;METRO;NR84;73;Cultures développées;3.12.2.11;Prairies naturelles ou semées depuis plus de 6 ans;Groupe d'indicateurs;020.08;Production séche (volume);1707648;OUI
SAANR_FOURRAGE_2;2002;FR;METRO;NR84;74;Cultures développées;3.12.2.11;Prairies naturelles ou semées depuis plus de 6 ans;Groupe d'indicateurs;020.08;Production séche (volume);3379482;OUI
SAANR_FOURRAGE_2;2002;FR;METRO;NR84;01;Cultures développées;3.12.2.11;Prairies naturelles ou semées depuis plus de 6 ans;Groupe d'indicateurs;050.07;Superficie concernée;102377;OUI
SAANR_FOURRAGE_2;2002;FR;METRO;NR84;03;Cultures développées;3.12.2.11;Prairies naturelles ou semées depuis plus de 6 ans;Groupe d'indicateurs;050.07;Superficie concernée;263509;OUI
SAANR_FOURRAGE_2;2002;FR;METRO;NR84;07;Cultures développées;3.12.2.11;Prairies naturelles ou semées depuis plus de 6 ans;Groupe d'indicateurs;050.07;Superficie concernée;48246;OUI
SAANR_FOURRAGE_2;2002;FR;METRO;NR84;15;Cultures développées;3.12.2.11;Prairies naturelles ou semées depuis plus de 6 ans;Groupe d'indicateurs;050.07;Superficie concernée;227627;OUI
SAANR_FOURRAGE_2;2002;FR;METRO;NR84;26;Cultures développées;3.12.2.11;Prairies naturelles ou semées depuis plus de 6 ans;Groupe d'indicateurs;050.07;Superficie concernée;15069;OUI
SAANR_FOURRAGE_2;2002;FR;METRO;NR84;38;Cultures développées;3.12.2.11;Prairies naturelles ou semées depuis plus de 6 ans;Groupe d'indicateurs;050.07;Superficie concernée;110058;OUI
SAANR_FOURRAGE_2;2002;FR;METRO;NR84;42;Cultures développées;3.12.2.11;Prairies naturelles ou semées depuis plus de 6 ans;Groupe d'indicateurs;050.07;Superficie concernée;152393;OUI
SAANR_FOURRAGE_2;2002;FR;METRO;NR84;43;Cultures développées;3.12.2.11;Prairies naturelles ou semées depuis plus de 6 ans;Groupe d'indicateurs;050.07;Superficie concernée;127965;OUI
SAANR_FOURRAGE_2;2002;FR;METRO;NR84;63;Cultures développées;3.12.2.11;Prairies naturelles ou semées depuis plus de 6 ans;Groupe d'indicateurs;050.07;Superficie concernée;236949;OUI
SAANR_FOURRAGE_2;2002;FR;METRO;NR84;69;Cultures développées;3.12.2.11;Prairies naturelles ou semées depuis plus de 6 ans;Groupe d'indicateurs;050.07;Superficie concernée;58280;OUI
SAANR_FOURRAGE_2;2002;FR;METRO;NR84;73;Cultures développées;3.12.2.11;Prairies naturelles ou semées depuis plus de 6 ans;Groupe d'indicateurs;050.07;Superficie concernée;35576;OUI
SAANR_FOURRAGE_2;2002;FR;METRO;NR84;74;Cultures développées;3.12.2.11;Prairies naturelles ou semées depuis plus de 6 ans;Groupe d'indicateurs;050.07;Superficie concernée;62583;OUI
SAANR_FOURRAGE_2;2002;FR;METRO;NR84;01;Cultures développées;3.12.2.11;Prairies naturelles ou semées depuis plus de 6 ans;Groupe d'indicateurs;070.02;Rendement matière sèche;55;OUI
SAANR_FOURRAGE_2;2002;FR;METRO;NR84;03;Cultures développées;3.12.2.11;Prairies naturelles ou semées depuis plus de 6 ans;Groupe d'indicateurs;070.02;Rendement matière sèche;38;OUI
SAANR_FOURRAGE_2;2002;FR;METRO;NR84;07;Cultures développées;3.12.2.11;Prairies naturelles ou semées depuis plus de 6 ans;Groupe d'indicateurs;070.02;Rendement matière sèche;42;OUI
SAANR_FOURRAGE_2;2002;FR;METRO;NR84;15;Cultures développées;3.12.2.11;Prairies naturelles ou semées depuis plus de 6 ans;Groupe d'indicateurs;070.02;Rendement matière sèche;51;OUI
SAANR_FOURRAGE_2;2002;FR;METRO;NR84;26;Cultures développées;3.12.2.11;Prairies naturelles ou semées depuis plus de 6 ans;Groupe d'indicateurs;070.02;Rendement matière sèche;49;OUI
SAANR_FOURRAGE_2;2002;FR;METRO;NR84;38;Cultures développées;3.12.2.11;Prairies naturelles ou semées depuis plus de 6 ans;Groupe d'indicateurs;070.02;Rendement matière sèche;45;OUI
SAANR_FOURRAGE_2;2002;FR;METRO;NR84;42;Cultures développées;3.12.2.11;Prairies naturelles ou semées depuis plus de 6 ans;Groupe d'indicateurs;070.02;Rendement matière sèche;45;OUI
SAANR_FOURRAGE_2;2002;FR;METRO;NR84;43;Cultures développées;3.12.2.11;Prairies naturelles ou semées depuis plus de 6 ans;Groupe d'indicateurs;070.02;Rendement matière sèche;44;OUI
SAANR_FOURRAGE_2;2002;FR;METRO;NR84;63;Cultures développées;3.12.2.11;Prairies naturelles ou semées depuis plus de 6 ans;Groupe d'indicateurs;070.02;Rendement matière sèche;47;OUI
SAANR_FOURRAGE_2;2002;FR;METRO;NR84;69;Cultures développées;3.12.2.11;Prairies naturelles ou semées depuis plus de 6 ans;Groupe d'indicateurs;070.02;Rendement matière sèche;42;OUI
SAANR_FOURRAGE_2;2002;FR;METRO;NR84;73;Cultures développées;3.12.2.11;Prairies naturelles ou semées depuis plus de 6 ans;Groupe d'indicateurs;070.02;Rendement matière sèche;48;OUI
SAANR_FOURRAGE_2;2002;FR;METRO;NR84;74;Cultures développées;3.12.2.11;Prairies naturelles ou semées depuis plus de 6 ans;Groupe d'indicateurs;070.02;Rendement matière sèche;54;OUI
SAANR_FOURRAGE_2;2002;FR;METRO;NR84;01;Cultures développées;3.12.2.12;STH (Superficies toujours en herbe) peu productives (pâturages pauvres);Groupe d'indicateurs;020.08;Production séche (volume);123792;OUI
SAANR_FOURRAGE_2;2002;FR;METRO;NR84;03;Cultures développées;3.12.2.12;STH (Superficies toujours en herbe) peu productives (pâturages pauvres);Groupe d'indicateurs;020.08;Production séche (volume);104700;OUI
SAANR_FOURRAGE_2;2002;FR;METRO;NR84;07;Cultures développées;3.12.2.12;STH (Superficies toujours en herbe) peu productives (pâturages pauvres);Groupe d'indicateurs;020.08;Production séche (volume);572440;OUI
SAANR_FOURRAGE_2;2002;FR;METRO;NR84;15;Cultures développées;3.12.2.12;STH (Superficies toujours en herbe) peu productives (pâturages pauvres);Groupe d'indicateurs;020.08;Production séche (volume);1672050;OUI
SAANR_FOURRAGE_2;2002;FR;METRO;NR84;26;Cultures développées;3.12.2.12;STH (Superficies toujours en herbe) peu productives (pâturages pauvres);Groupe d'indicateurs;020.08;Production séche (volume);403020;OUI
SAANR_FOURRAGE_2;2002;FR;METRO;NR84;38;Cultures développées;3.12.2.12;STH (Superficies toujours en herbe) peu productives (pâturages pauvres);Groupe d'indicateurs;020.08;Production séche (volume);912240;OUI
SAANR_FOURRAGE_2;2002;FR;METRO;NR84;42;Cultures développées;3.12.2.12;STH (Superficies toujours en herbe) peu productives (pâturages pauvres);Groupe d'indicateurs;020.08;Production séche (volume);157545;OUI
SAANR_FOURRAGE_2;2002;FR;METRO;NR84;43;Cultures développées;3.12.2.12;STH (Superficies toujours en herbe) peu productives (pâturages pauvres);Groupe d'indicateurs;020.08;Production séche (volume);495768;OUI
SAANR_FOURRAGE_2;2002;FR;METRO;NR84;63;Cultures développées;3.12.2.12;STH (Superficies toujours en herbe) peu productives (pâturages pauvres);Groupe d'indicateurs;020.08;Production séche (volume);684226;OUI
SAANR_FOURRAGE_2;2002;FR;METRO;NR84;69;Cultures développées;3.12.2.12;STH (Superficies toujours en herbe) peu productives (pâturages pauvres);Groupe d'indicateurs;020.08;Production séche (volume);16200;OUI
SAANR_FOURRAGE_2;2002;FR;METRO;NR84;73;Cultures développées;3.12.2.12;STH (Superficies toujours en herbe) peu productives (pâturages pauvres);Groupe d'indicateurs;020.08;Production séche (volume);1004864;OUI
SAANR_FOURRAGE_2;2002;FR;METRO;NR84;74;Cultures développées;3.12.2.12;STH (Superficies toujours en herbe) peu productives (pâturages pauvres);Groupe d'indicateurs;020.08;Production séche (volume);785547;OUI
SAANR_FOURRAGE_2;2002;FR;METRO;NR84;01;Cultures développées;3.12.2.12;STH (Superficies toujours en herbe) peu productives (pâturages pauvres);Groupe d'indicateurs;050.07;Superficie concernée;10316;OUI
SAANR_FOURRAGE_2;2002;FR;METRO;NR84;03;Cultures développées;3.12.2.12;STH (Superficies toujours en herbe) peu productives (pâturages pauvres);Groupe d'indicateurs;050.07;Superficie concernée;5235;OUI
SAANR_FOURRAGE_2;2002;FR;METRO;NR84;07;Cultures développées;3.12.2.12;STH (Superficies toujours en herbe) peu productives (pâturages pauvres);Groupe d'indicateurs;050.07;Superficie concernée;57244;OUI
SAANR_FOURRAGE_2;2002;FR;METRO;NR84;15;Cultures développées;3.12.2.12;STH (Superficies toujours en herbe) peu productives (pâturages pauvres);Groupe d'indicateurs;050.07;Superficie concernée;66882;OUI
SAANR_FOURRAGE_2;2002;FR;METRO;NR84;26;Cultures développées;3.12.2.12;STH (Superficies toujours en herbe) peu productives (pâturages pauvres);Groupe d'indicateurs;050.07;Superficie concernée;44780;OUI
SAANR_FOURRAGE_2;2002;FR;METRO;NR84;38;Cultures développées;3.12.2.12;STH (Superficies toujours en herbe) peu productives (pâturages pauvres);Groupe d'indicateurs;050.07;Superficie concernée;50680;OUI
SAANR_FOURRAGE_2;2002;FR;METRO;NR84;42;Cultures développées;3.12.2.12;STH (Superficies toujours en herbe) peu productives (pâturages pauvres);Groupe d'indicateurs;050.07;Superficie concernée;10503;OUI
SAANR_FOURRAGE_2;2002;FR;METRO;NR84;43;Cultures développées;3.12.2.12;STH (Superficies toujours en herbe) peu productives (pâturages pauvres);Groupe d'indicateurs;050.07;Superficie concernée;20657;OUI
SAANR_FOURRAGE_2;2002;FR;METRO;NR84;63;Cultures développées;3.12.2.12;STH (Superficies toujours en herbe) peu productives (pâturages pauvres);Groupe d'indicateurs;050.07;Superficie concernée;23594;OUI
SAANR_FOURRAGE_2;2002;FR;METRO;NR84;69;Cultures développées;3.12.2.12;STH (Superficies toujours en herbe) peu productives (pâturages pauvres);Groupe d'indicateurs;050.07;Superficie concernée;3240;OUI
SAANR_FOURRAGE_2;2002;FR;METRO;NR84;73;Cultures développées;3.12.2.12;STH (Superficies toujours en herbe) peu productives (pâturages pauvres);Groupe d'indicateurs;050.07;Superficie concernée;71776;OUI
SAANR_FOURRAGE_2;2002;FR;METRO;NR84;74;Cultures développées;3.12.2.12;STH (Superficies toujours en herbe) peu productives (pâturages pauvres);Groupe d'indicateurs;050.07;Superficie concernée;37407;OUI
SAANR_FOURRAGE_2;2002;FR;METRO;NR84;01;Cultures développées;3.12.2.12;STH (Superficies toujours en herbe) peu productives (pâturages pauvres);Groupe d'indicateurs;070.02;Rendement matière sèche;12;OUI
SAANR_FOURRAGE_2;2002;FR;METRO;NR84;03;Cultures développées;3.12.2.12;STH (Superficies toujours en herbe) peu productives (pâturages pauvres);Groupe d'indicateurs;070.02;Rendement matière sèche;20;OUI
SAANR_FOURRAGE_2;2002;FR;METRO;NR84;07;Cultures développées;3.12.2.12;STH (Superficies toujours en herbe) peu productives (pâturages pauvres);Groupe d'indicateurs;070.02;Rendement matière sèche;10;OUI
SAANR_FOURRAGE_2;2002;FR;METRO;NR84;15;Cultures développées;3.12.2.12;STH (Superficies toujours en herbe) peu productives (pâturages pauvres);Groupe d'indicateurs;070.02;Rendement matière sèche;25;OUI
SAANR_FOURRAGE_2;2002;FR;METRO;NR84;26;Cultures développées;3.12.2.12;STH (Superficies toujours en herbe) peu productives (pâturages pauvres);Groupe d'indicateurs;070.02;Rendement matière sèche;9;OUI
SAANR_FOURRAGE_2;2002;FR;METRO;NR84;38;Cultures développées;3.12.2.12;STH (Superficies toujours en herbe) peu productives (pâturages pauvres);Groupe d'indicateurs;070.02;Rendement matière sèche;18;OUI
SAANR_FOURRAGE_2;2002;FR;METRO;NR84;42;Cultures développées;3.12.2.12;STH (Superficies toujours en herbe) peu productives (pâturages pauvres);Groupe d'indicateurs;070.02;Rendement matière sèche;15;OUI
SAANR_FOURRAGE_2;2002;FR;METRO;NR84;43;Cultures développées;3.12.2.12;STH (Superficies toujours en herbe) peu productives (pâturages pauvres);Groupe d'indicateurs;070.02;Rendement matière sèche;24;OUI
SAANR_FOURRAGE_2;2002;FR;METRO;NR84;63;Cultures développées;3.12.2.12;STH (Superficies toujours en herbe) peu productives (pâturages pauvres);Groupe d'indicateurs;070.02;Rendement matière sèche;29;OUI
SAANR_FOURRAGE_2;2002;FR;METRO;NR84;69;Cultures développées;3.12.2.12;STH (Superficies toujours en herbe) peu productives (pâturages pauvres);Groupe d'indicateurs;070.02;Rendement matière sèche;5;OUI
SAANR_FOURRAGE_2;2002;FR;METRO;NR84;73;Cultures développées;3.12.2.12;STH (Superficies toujours en herbe) peu productives (pâturages pauvres);Groupe d'indicateurs;070.02;Rendement matière sèche;14;OUI
SAANR_FOURRAGE_2;2002;FR;METRO;NR84;74;Cultures développées;3.12.2.12;STH (Superficies toujours en herbe) peu productives (pâturages pauvres);Groupe d'indicateurs;070.02;Rendement matière sèche;21;OUI
SAANR_FOURRAGE_2;2002;FR;METRO;NR93;04;Cultures développées;3;Fourrages annuels, prairies non permanentes et STH;Groupe d'indicateurs;020.08;Production séche (volume);2047597;OUI
SAANR_FOURRAGE_2;2002;FR;METRO;NR93;05;Cultures développées;3;Fourrages annuels, prairies non permanentes et STH;Groupe d'indicateurs;020.08;Production séche (volume);2956028;OUI
SAANR_FOURRAGE_2;2002;FR;METRO;NR93;06;Cultures développées;3;Fourrages annuels, prairies non permanentes et STH;Groupe d'indicateurs;020.08;Production séche (volume);731088;OUI
SAANR_FOURRAGE_2;2002;FR;METRO;NR93;13;Cultures développées;3;Fourrages annuels, prairies non permanentes et STH;Groupe d'indicateurs;020.08;Production séche (volume);1114637;OUI
SAANR_FOURRAGE_2;2002;FR;METRO;NR93;83;Cultures développées;3;Fourrages annuels, prairies non permanentes et STH;Groupe d'indicateurs;020.08;Production séche (volume);402338;OUI
SAANR_FOURRAGE_2;2002;FR;METRO;NR93;84;Cultures développées;3;Fourrages annuels, prairies non permanentes et STH;Groupe d'indicateurs;020.08;Production séche (volume);398929;OUI
SAANR_FOURRAGE_2;2002;FR;METRO;NR93;04;Cultures développées;3;Fourrages annuels, prairies non permanentes et STH;Groupe d'indicateurs;050.07;Superficie concernée;164974;OUI
SAANR_FOURRAGE_2;2002;FR;METRO;NR93;05;Cultures développées;3;Fourrages annuels, prairies non permanentes et STH;Groupe d'indicateurs;050.07;Superficie concernée;204968;OUI
SAANR_FOURRAGE_2;2002;FR;METRO;NR93;06;Cultures développées;3;Fourrages annuels, prairies non permanentes et STH;Groupe d'indicateurs;050.07;Superficie concernée;75628;OUI
SAANR_FOURRAGE_2;2002;FR;METRO;NR93;13;Cultures développées;3;Fourrages annuels, prairies non permanentes et STH;Groupe d'indicateurs;050.07;Superficie concernée;75218;OUI
SAANR_FOURRAGE_2;2002;FR;METRO;NR93;83;Cultures développées;3;Fourrages annuels, prairies non permanentes et STH;Groupe d'indicateurs;050.07;Superficie concernée;32417;OUI
SAANR_FOURRAGE_2;2002;FR;METRO;NR93;84;Cultures développées;3;Fourrages annuels, prairies non permanentes et STH;Groupe d'indicateurs;050.07;Superficie concernée;15425;OUI
SAANR_FOURRAGE_2;2002;FR;METRO;NR93;04;Cultures développées;3;Fourrages annuels, prairies non permanentes et STH;Groupe d'indicateurs;070.02;Rendement matière sèche;;OUI
SAANR_FOURRAGE_2;2002;FR;METRO;NR93;05;Cultures développées;3;Fourrages annuels, prairies non permanentes et STH;Groupe d'indicateurs;070.02;Rendement matière sèche;;OUI
SAANR_FOURRAGE_2;2002;FR;METRO;NR93;06;Cultures développées;3;Fourrages annuels, prairies non permanentes et STH;Groupe d'indicateurs;070.02;Rendement matière sèche;;OUI
SAANR_FOURRAGE_2;2002;FR;METRO;NR93;13;Cultures développées;3;Fourrages annuels, prairies non permanentes et STH;Groupe d'indicateurs;070.02;Rendement matière sèche;;OUI
SAANR_FOURRAGE_2;2002;FR;METRO;NR93;83;Cultures développées;3;Fourrages annuels, prairies non permanentes et STH;Groupe d'indicateurs;070.02;Rendement matière sèche;;OUI
SAANR_FOURRAGE_2;2002;FR;METRO;NR93;84;Cultures développées;3;Fourrages annuels, prairies non permanentes et STH;Groupe d'indicateurs;070.02;Rendement matière sèche;;OUI
SAANR_FOURRAGE_2;2002;FR;METRO;NR93;04;Cultures développées;3.11;Fourrages annuels;Groupe d'indicateurs;020.08;Production séche (volume);39260;OUI
SAANR_FOURRAGE_2;2002;FR;METRO;NR93;05;Cultures développées;3.11;Fourrages annuels;Groupe d'indicateurs;020.08;Production séche (volume);28470;OUI
SAANR_FOURRAGE_2;2002;FR;METRO;NR93;06;Cultures développées;3.11;Fourrages annuels;Groupe d'indicateurs;020.08;Production séche (volume);8142;OUI
SAANR_FOURRAGE_2;2002;FR;METRO;NR93;13;Cultures développées;3.11;Fourrages annuels;Groupe d'indicateurs;020.08;Production séche (volume);64895;OUI
SAANR_FOURRAGE_2;2002;FR;METRO;NR93;83;Cultures développées;3.11;Fourrages annuels;Groupe d'indicateurs;020.08;Production séche (volume);14900;OUI
SAANR_FOURRAGE_2;2002;FR;METRO;NR93;84;Cultures développées;3.11;Fourrages annuels;Groupe d'indicateurs;020.08;Production séche (volume);8378;OUI
SAANR_FOURRAGE_2;2002;FR;METRO;NR93;04;Cultures développées;3.11;Fourrages annuels;Groupe d'indicateurs;050.07;Superficie concernée;344;OUI
SAANR_FOURRAGE_2;2002;FR;METRO;NR93;05;Cultures développées;3.11;Fourrages annuels;Groupe d'indicateurs;050.07;Superficie concernée;274;OUI
SAANR_FOURRAGE_2;2002;FR;METRO;NR93;06;Cultures développées;3.11;Fourrages annuels;Groupe d'indicateurs;050.07;Superficie concernée;177;OUI
SAANR_FOURRAGE_2;2002;FR;METRO;NR93;13;Cultures développées;3.11;Fourrages annuels;Groupe d'indicateurs;050.07;Superficie concernée;1096;OUI
SAANR_FOURRAGE_2;2002;FR;METRO;NR93;83;Cultures développées;3.11;Fourrages annuels;Groupe d'indicateurs;050.07;Superficie concernée;292;OUI
SAANR_FOURRAGE_2;2002;FR;METRO;NR93;84;Cultures développées;3.11;Fourrages annuels;Groupe d'indicateurs;050.07;Superficie concernée;118;OUI
SAANR_FOURRAGE_2;2002;FR;METRO;NR93;04;Cultures développées;3.11;Fourrages annuels;Groupe d'indicateurs;070.02;Rendement matière sèche;;OUI
SAANR_FOURRAGE_2;2002;FR;METRO;NR93;05;Cultures développées;3.11;Fourrages annuels;Groupe d'indicateurs;070.02;Rendement matière sèche;;OUI
SAANR_FOURRAGE_2;2002;FR;METRO;NR93;13;Cultures développées;3.11;Fourrages annuels;Groupe d'indicateurs;070.02;Rendement matière sèche;;OUI
SAANR_FOURRAGE_2;2002;FR;METRO;NR93;83;Cultures développées;3.11;Fourrages annuels;Groupe d'indicateurs;070.02;Rendement matière sèche;;OUI
SAANR_FOURRAGE_2;2002;FR;METRO;NR93;04;Cultures développées;3.11.1;Maïs fourrage et ensilage (plante entière);Groupe d'indicateurs;020.08;Production séche (volume);15660;OUI
SAANR_FOURRAGE_2;2002;FR;METRO;NR93;05;Cultures développées;3.11.1;Maïs fourrage et ensilage (plante entière);Groupe d'indicateurs;020.08;Production séche (volume);25320;OUI
SAANR_FOURRAGE_2;2002;FR;METRO;NR93;06;Cultures développées;3.11.1;Maïs fourrage et ensilage (plante entière);Groupe d'indicateurs;020.08;Production séche (volume);0;OUI
SAANR_FOURRAGE_2;2002;FR;METRO;NR93;13;Cultures développées;3.11.1;Maïs fourrage et ensilage (plante entière);Groupe d'indicateurs;020.08;Production séche (volume);880;OUI
SAANR_FOURRAGE_2;2002;FR;METRO;NR93;83;Cultures développées;3.11.1;Maïs fourrage et ensilage (plante entière);Groupe d'indicateurs;020.08;Production séche (volume);600;OUI
SAANR_FOURRAGE_2;2002;FR;METRO;NR93;84;Cultures développées;3.11.1;Maïs fourrage et ensilage (plante entière);Groupe d'indicateurs;020.08;Production séche (volume);0;OUI
SAANR_FOURRAGE_2;2002;FR;METRO;NR93;04;Cultures développées;3.11.1;Maïs fourrage et ensilage (plante entière);Groupe d'indicateurs;050.07;Superficie concernée;108;OUI
SAANR_FOURRAGE_2;2002;FR;METRO;NR93;05;Cultures développées;3.11.1;Maïs fourrage et ensilage (plante entière);Groupe d'indicateurs;050.07;Superficie concernée;211;OUI
SAANR_FOURRAGE_2;2002;FR;METRO;NR93;06;Cultures développées;3.11.1;Maïs fourrage et ensilage (plante entière);Groupe d'indicateurs;050.07;Superficie concernée;0;OUI
SAANR_FOURRAGE_2;2002;FR;METRO;NR93;13;Cultures développées;3.11.1;Maïs fourrage et ensilage (plante entière);Groupe d'indicateurs;050.07;Superficie concernée;11;OUI
SAANR_FOURRAGE_2;2002;FR;METRO;NR93;83;Cultures développées;3.11.1;Maïs fourrage et ensilage (plante entière);Groupe d'indicateurs;050.07;Superficie concernée;6;OUI
SAANR_FOURRAGE_2;2002;FR;METRO;NR93;84;Cultures développées;3.11.1;Maïs fourrage et ensilage (plante entière);Groupe d'indicateurs;050.07;Superficie concernée;0;OUI
SAANR_FOURRAGE_2;2002;FR;METRO;NR93;04;Cultures développées;3.11.1;Maïs fourrage et ensilage (plante entière);Groupe d'indicateurs;070.02;Rendement matière sèche;145;OUI
SAANR_FOURRAGE_2;2002;FR;METRO;NR93;05;Cultures développées;3.11.1;Maïs fourrage et ensilage (plante entière);Groupe d'indicateurs;070.02;Rendement matière sèche;120;OUI
SAANR_FOURRAGE_2;2002;FR;METRO;NR93;13;Cultures développées;3.11.1;Maïs fourrage et ensilage (plante entière);Groupe d'indicateurs;070.02;Rendement matière sèche;80;OUI
SAANR_FOURRAGE_2;2002;FR;METRO;NR93;83;Cultures développées;3.11.1;Maïs fourrage et ensilage (plante entière);Groupe d'indicateurs;070.02;Rendement matière sèche;100;OUI
SAANR_FOURRAGE_2;2002;FR;METRO;NR93;04;Cultures développées;3.11.1.12;Maïs fourrage et ensilage (plante entière) non irrigué;Groupe d'indicateurs;020.08;Production séche (volume);15660;OUI
SAANR_FOURRAGE_2;2002;FR;METRO;NR93;05;Cultures développées;3.11.1.12;Maïs fourrage et ensilage (plante entière) non irrigué;Groupe d'indicateurs;020.08;Production séche (volume);25320;OUI
SAANR_FOURRAGE_2;2002;FR;METRO;NR93;06;Cultures développées;3.11.1.12;Maïs fourrage et ensilage (plante entière) non irrigué;Groupe d'indicateurs;020.08;Production séche (volume);0;OUI
SAANR_FOURRAGE_2;2002;FR;METRO;NR93;13;Cultures développées;3.11.1.12;Maïs fourrage et ensilage (plante entière) non irrigué;Groupe d'indicateurs;020.08;Production séche (volume);880;OUI
SAANR_FOURRAGE_2;2002;FR;METRO;NR93;83;Cultures développées;3.11.1.12;Maïs fourrage et ensilage (plante entière) non irrigué;Groupe d'indicateurs;020.08;Production séche (volume);600;OUI
SAANR_FOURRAGE_2;2002;FR;METRO;NR93;84;Cultures développées;3.11.1.12;Maïs fourrage et ensilage (plante entière) non irrigué;Groupe d'indicateurs;020.08;Production séche (volume);0;OUI
SAANR_FOURRAGE_2;2002;FR;METRO;NR93;04;Cultures développées;3.11.1.12;Maïs fourrage et ensilage (plante entière) non irrigué;Groupe d'indicateurs;050.07;Superficie concernée;108;OUI
SAANR_FOURRAGE_2;2002;FR;METRO;NR93;05;Cultures développées;3.11.1.12;Maïs fourrage et ensilage (plante entière) non irrigué;Groupe d'indicateurs;050.07;Superficie concernée;211;OUI
SAANR_FOURRAGE_2;2002;FR;METRO;NR93;06;Cultures développées;3.11.1.12;Maïs fourrage et ensilage (plante entière) non irrigué;Groupe d'indicateurs;050.07;Superficie concernée;0;OUI
SAANR_FOURRAGE_2;2002;FR;METRO;NR93;13;Cultures développées;3.11.1.12;Maïs fourrage et ensilage (plante entière) non irrigué;Groupe d'indicateurs;050.07;Superficie concernée;11;OUI
SAANR_FOURRAGE_2;2002;FR;METRO;NR93;83;Cultures développées;3.11.1.12;Maïs fourrage et ensilage (plante entière) non irrigué;Groupe d'indicateurs;050.07;Superficie concernée;6;OUI
SAANR_FOURRAGE_2;2002;FR;METRO;NR93;84;Cultures développées;3.11.1.12;Maïs fourrage et ensilage (plante entière) non irrigué;Groupe d'indicateurs;050.07;Superficie concernée;0;OUI
SAANR_FOURRAGE_2;2002;FR;METRO;NR93;04;Cultures développées;3.11.1.12;Maïs fourrage et ensilage (plante entière) non irrigué;Groupe d'indicateurs;070.02;Rendement matière sèche;145;OUI
SAANR_FOURRAGE_2;2002;FR;METRO;NR93;05;Cultures développées;3.11.1.12;Maïs fourrage et ensilage (plante entière) non irrigué;Groupe d'indicateurs;070.02;Rendement matière sèche;120;OUI
SAANR_FOURRAGE_2;2002;FR;METRO;NR93;13;Cultures développées;3.11.1.12;Maïs fourrage et ensilage (plante entière) non irrigué;Groupe d'indicateurs;070.02;Rendement matière sèche;80;OUI
SAANR_FOURRAGE_2;2002;FR;METRO;NR93;83;Cultures développées;3.11.1.12;Maïs fourrage et ensilage (plante entière) non irrigué;Groupe d'indicateurs;070.02;Rendement matière sèche;100;OUI
SAANR_FOURRAGE_2;2002;FR;METRO;NR93;04;Cultures développées;3.11.9;Autres fourrages annuels, n.c.a.;Groupe d'indicateurs;020.08;Production séche (volume);23600;OUI
SAANR_FOURRAGE_2;2002;FR;METRO;NR93;05;Cultures développées;3.11.9;Autres fourrages annuels, n.c.a.;Groupe d'indicateurs;020.08;Production séche (volume);3150;OUI
SAANR_FOURRAGE_2;2002;FR;METRO;NR93;06;Cultures développées;3.11.9;Autres fourrages annuels, n.c.a.;Groupe d'indicateurs;020.08;Production séche (volume);8142;OUI
SAANR_FOURRAGE_2;2002;FR;METRO;NR93;13;Cultures développées;3.11.9;Autres fourrages annuels, n.c.a.;Groupe d'indicateurs;020.08;Production séche (volume);64015;OUI
SAANR_FOURRAGE_2;2002;FR;METRO;NR93;83;Cultures développées;3.11.9;Autres fourrages annuels, n.c.a.;Groupe d'indicateurs;020.08;Production séche (volume);14300;OUI
SAANR_FOURRAGE_2;2002;FR;METRO;NR93;84;Cultures développées;3.11.9;Autres fourrages annuels, n.c.a.;Groupe d'indicateurs;020.08;Production séche (volume);8378;OUI
SAANR_FOURRAGE_2;2002;FR;METRO;NR93;04;Cultures développées;3.11.9;Autres fourrages annuels, n.c.a.;Groupe d'indicateurs;050.07;Superficie concernée;236;OUI
SAANR_FOURRAGE_2;2002;FR;METRO;NR93;05;Cultures développées;3.11.9;Autres fourrages annuels, n.c.a.;Groupe d'indicateurs;050.07;Superficie concernée;63;OUI
SAANR_FOURRAGE_2;2002;FR;METRO;NR93;06;Cultures développées;3.11.9;Autres fourrages annuels, n.c.a.;Groupe d'indicateurs;050.07;Superficie concernée;177;OUI
SAANR_FOURRAGE_2;2002;FR;METRO;NR93;13;Cultures développées;3.11.9;Autres fourrages annuels, n.c.a.;Groupe d'indicateurs;050.07;Superficie concernée;1085;OUI
SAANR_FOURRAGE_2;2002;FR;METRO;NR93;83;Cultures développées;3.11.9;Autres fourrages annuels, n.c.a.;Groupe d'indicateurs;050.07;Superficie concernée;286;OUI
SAANR_FOURRAGE_2;2002;FR;METRO;NR93;84;Cultures développées;3.11.9;Autres fourrages annuels, n.c.a.;Groupe d'indicateurs;050.07;Superficie concernée;118;OUI
SAANR_FOURRAGE_2;2002;FR;METRO;NR93;04;Cultures développées;3.12;Prairies non permanentes et STH;Groupe d'indicateurs;020.08;Production séche (volume);2008337;OUI
SAANR_FOURRAGE_2;2002;FR;METRO;NR93;05;Cultures développées;3.12;Prairies non permanentes et STH;Groupe d'indicateurs;020.08;Production séche (volume);2927558;OUI
SAANR_FOURRAGE_2;2002;FR;METRO;NR93;06;Cultures développées;3.12;Prairies non permanentes et STH;Groupe d'indicateurs;020.08;Production séche (volume);722946;OUI
SAANR_FOURRAGE_2;2002;FR;METRO;NR93;13;Cultures développées;3.12;Prairies non permanentes et STH;Groupe d'indicateurs;020.08;Production séche (volume);1049742;OUI
SAANR_FOURRAGE_2;2002;FR;METRO;NR93;83;Cultures développées;3.12;Prairies non permanentes et STH;Groupe d'indicateurs;020.08;Production séche (volume);387438;OUI
SAANR_FOURRAGE_2;2002;FR;METRO;NR93;84;Cultures développées;3.12;Prairies non permanentes et STH;Groupe d'indicateurs;020.08;Production séche (volume);390551;OUI
SAANR_FOURRAGE_2;2002;FR;METRO;NR93;04;Cultures développées;3.12;Prairies non permanentes et STH;Groupe d'indicateurs;050.07;Superficie concernée;164630;OUI
SAANR_FOURRAGE_2;2002;FR;METRO;NR93;05;Cultures développées;3.12;Prairies non permanentes et STH;Groupe d'indicateurs;050.07;Superficie concernée;204694;OUI
SAANR_FOURRAGE_2;2002;FR;METRO;NR93;06;Cultures développées;3.12;Prairies non permanentes et STH;Groupe d'indicateurs;050.07;Superficie concernée;75451;OUI
SAANR_FOURRAGE_2;2002;FR;METRO;NR93;13;Cultures développées;3.12;Prairies non permanentes et STH;Groupe d'indicateurs;050.07;Superficie concernée;74122;OUI
SAANR_FOURRAGE_2;2002;FR;METRO;NR93;83;Cultures développées;3.12;Prairies non permanentes et STH;Groupe d'indicateurs;050.07;Superficie concernée;32125;OUI
SAANR_FOURRAGE_2;2002;FR;METRO;NR93;84;Cultures développées;3.12;Prairies non permanentes et STH;Groupe d'indicateurs;050.07;Superficie concernée;15307;OUI
SAANR_FOURRAGE_2;2002;FR;METRO;NR93;04;Cultures développées;3.12;Prairies non permanentes et STH;Groupe d'indicateurs;070.02;Rendement matière sèche;12.2;OUI
SAANR_FOURRAGE_2;2002;FR;METRO;NR93;05;Cultures développées;3.12;Prairies non permanentes et STH;Groupe d'indicateurs;070.02;Rendement matière sèche;14.3;OUI
SAANR_FOURRAGE_2;2002;FR;METRO;NR93;06;Cultures développées;3.12;Prairies non permanentes et STH;Groupe d'indicateurs;070.02;Rendement matière sèche;9.6;OUI
SAANR_FOURRAGE_2;2002;FR;METRO;NR93;13;Cultures développées;3.12;Prairies non permanentes et STH;Groupe d'indicateurs;070.02;Rendement matière sèche;14.2;OUI
SAANR_FOURRAGE_2;2002;FR;METRO;NR93;83;Cultures développées;3.12;Prairies non permanentes et STH;Groupe d'indicateurs;070.02;Rendement matière sèche;12.1;OUI
SAANR_FOURRAGE_2;2002;FR;METRO;NR93;84;Cultures développées;3.12;Prairies non permanentes et STH;Groupe d'indicateurs;070.02;Rendement matière sèche;25.5;OUI
SAANR_FOURRAGE_2;2002;FR;METRO;NR93;04;Cultures développées;3.12.1;Prairies non permanentes;Groupe d'indicateurs;020.08;Production séche (volume);1012050;OUI
SAANR_FOURRAGE_2;2002;FR;METRO;NR93;05;Cultures développées;3.12.1;Prairies non permanentes;Groupe d'indicateurs;020.08;Production séche (volume);1424024;OUI
SAANR_FOURRAGE_2;2002;FR;METRO;NR93;06;Cultures développées;3.12.1;Prairies non permanentes;Groupe d'indicateurs;020.08;Production séche (volume);37088;OUI
SAANR_FOURRAGE_2;2002;FR;METRO;NR93;13;Cultures développées;3.12.1;Prairies non permanentes;Groupe d'indicateurs;020.08;Production séche (volume);239462;OUI
SAANR_FOURRAGE_2;2002;FR;METRO;NR93;83;Cultures développées;3.12.1;Prairies non permanentes;Groupe d'indicateurs;020.08;Production séche (volume);138794;OUI
SAANR_FOURRAGE_2;2002;FR;METRO;NR93;84;Cultures développées;3.12.1;Prairies non permanentes;Groupe d'indicateurs;020.08;Production séche (volume);170820;OUI
SAANR_FOURRAGE_2;2002;FR;METRO;NR93;04;Cultures développées;3.12.1;Prairies non permanentes;Groupe d'indicateurs;050.07;Superficie concernée;14591;OUI
SAANR_FOURRAGE_2;2002;FR;METRO;NR93;05;Cultures développées;3.12.1;Prairies non permanentes;Groupe d'indicateurs;050.07;Superficie concernée;19508;OUI
SAANR_FOURRAGE_2;2002;FR;METRO;NR93;06;Cultures développées;3.12.1;Prairies non permanentes;Groupe d'indicateurs;050.07;Superficie concernée;560;OUI
SAANR_FOURRAGE_2;2002;FR;METRO;NR93;13;Cultures développées;3.12.1;Prairies non permanentes;Groupe d'indicateurs;050.07;Superficie concernée;3562;OUI
SAANR_FOURRAGE_2;2002;FR;METRO;NR93;83;Cultures développées;3.12.1;Prairies non permanentes;Groupe d'indicateurs;050.07;Superficie concernée;2291;OUI
SAANR_FOURRAGE_2;2002;FR;METRO;NR93;84;Cultures développées;3.12.1;Prairies non permanentes;Groupe d'indicateurs;050.07;Superficie concernée;2710;OUI
SAANR_FOURRAGE_2;2002;FR;METRO;NR93;04;Cultures développées;3.12.1;Prairies non permanentes;Groupe d'indicateurs;070.02;Rendement matière sèche;69.4;OUI
SAANR_FOURRAGE_2;2002;FR;METRO;NR93;05;Cultures développées;3.12.1;Prairies non permanentes;Groupe d'indicateurs;070.02;Rendement matière sèche;73;OUI
SAANR_FOURRAGE_2;2002;FR;METRO;NR93;06;Cultures développées;3.12.1;Prairies non permanentes;Groupe d'indicateurs;070.02;Rendement matière sèche;66.2;OUI
SAANR_FOURRAGE_2;2002;FR;METRO;NR93;13;Cultures développées;3.12.1;Prairies non permanentes;Groupe d'indicateurs;070.02;Rendement matière sèche;67.2;OUI
SAANR_FOURRAGE_2;2002;FR;METRO;NR93;83;Cultures développées;3.12.1;Prairies non permanentes;Groupe d'indicateurs;070.02;Rendement matière sèche;60.6;OUI
SAANR_FOURRAGE_2;2002;FR;METRO;NR93;84;Cultures développées;3.12.1;Prairies non permanentes;Groupe d'indicateurs;070.02;Rendement matière sèche;63;OUI
SAANR_FOURRAGE_2;2002;FR;METRO;NR93;04;Cultures développées;3.12.1.11;Prairie artificielle (luzerne, trèfle violet, ...);Groupe d'indicateurs;020.08;Production séche (volume);588528;OUI
SAANR_FOURRAGE_2;2002;FR;METRO;NR93;05;Cultures développées;3.12.1.11;Prairie artificielle (luzerne, trèfle violet, ...);Groupe d'indicateurs;020.08;Production séche (volume);809333;OUI
SAANR_FOURRAGE_2;2002;FR;METRO;NR93;06;Cultures développées;3.12.1.11;Prairie artificielle (luzerne, trèfle violet, ...);Groupe d'indicateurs;020.08;Production séche (volume);29648;OUI
SAANR_FOURRAGE_2;2002;FR;METRO;NR93;13;Cultures développées;3.12.1.11;Prairie artificielle (luzerne, trèfle violet, ...);Groupe d'indicateurs;020.08;Production séche (volume);173382;OUI
SAANR_FOURRAGE_2;2002;FR;METRO;NR93;83;Cultures développées;3.12.1.11;Prairie artificielle (luzerne, trèfle violet, ...);Groupe d'indicateurs;020.08;Production séche (volume);112194;OUI
SAANR_FOURRAGE_2;2002;FR;METRO;NR93;84;Cultures développées;3.12.1.11;Prairie artificielle (luzerne, trèfle violet, ...);Groupe d'indicateurs;020.08;Production séche (volume);124620;OUI
SAANR_FOURRAGE_2;2002;FR;METRO;NR93;04;Cultures développées;3.12.1.11;Prairie artificielle (luzerne, trèfle violet, ...);Groupe d'indicateurs;050.07;Superficie concernée;8174;OUI
SAANR_FOURRAGE_2;2002;FR;METRO;NR93;05;Cultures développées;3.12.1.11;Prairie artificielle (luzerne, trèfle violet, ...);Groupe d'indicateurs;050.07;Superficie concernée;9751;OUI
SAANR_FOURRAGE_2;2002;FR;METRO;NR93;06;Cultures développées;3.12.1.11;Prairie artificielle (luzerne, trèfle violet, ...);Groupe d'indicateurs;050.07;Superficie concernée;436;OUI
SAANR_FOURRAGE_2;2002;FR;METRO;NR93;13;Cultures développées;3.12.1.11;Prairie artificielle (luzerne, trèfle violet, ...);Groupe d'indicateurs;050.07;Superficie concernée;2442;OUI
SAANR_FOURRAGE_2;2002;FR;METRO;NR93;83;Cultures développées;3.12.1.11;Prairie artificielle (luzerne, trèfle violet, ...);Groupe d'indicateurs;050.07;Superficie concernée;1626;OUI
SAANR_FOURRAGE_2;2002;FR;METRO;NR93;84;Cultures développées;3.12.1.11;Prairie artificielle (luzerne, trèfle violet, ...);Groupe d'indicateurs;050.07;Superficie concernée;2010;OUI
SAANR_FOURRAGE_2;2002;FR;METRO;NR93;04;Cultures développées;3.12.1.11;Prairie artificielle (luzerne, trèfle violet, ...);Groupe d'indicateurs;070.02;Rendement matière sèche;72;OUI
SAANR_FOURRAGE_2;2002;FR;METRO;NR93;05;Cultures développées;3.12.1.11;Prairie artificielle (luzerne, trèfle violet, ...);Groupe d'indicateurs;070.02;Rendement matière sèche;83;OUI
SAANR_FOURRAGE_2;2002;FR;METRO;NR93;06;Cultures développées;3.12.1.11;Prairie artificielle (luzerne, trèfle violet, ...);Groupe d'indicateurs;070.02;Rendement matière sèche;68;OUI
SAANR_FOURRAGE_2;2002;FR;METRO;NR93;13;Cultures développées;3.12.1.11;Prairie artificielle (luzerne, trèfle violet, ...);Groupe d'indicateurs;070.02;Rendement matière sèche;71;OUI
SAANR_FOURRAGE_2;2002;FR;METRO;NR93;83;Cultures développées;3.12.1.11;Prairie artificielle (luzerne, trèfle violet, ...);Groupe d'indicateurs;070.02;Rendement matière sèche;69;OUI
SAANR_FOURRAGE_2;2002;FR;METRO;NR93;84;Cultures développées;3.12.1.11;Prairie artificielle (luzerne, trèfle violet, ...);Groupe d'indicateurs;070.02;Rendement matière sèche;62;OUI
SAANR_FOURRAGE_2;2002;FR;METRO;NR93;04;Cultures développées;3.12.1.11.2;Autres prairies artificielles;Groupe d'indicateurs;020.08;Production séche (volume);588528;OUI
SAANR_FOURRAGE_2;2002;FR;METRO;NR93;05;Cultures développées;3.12.1.11.2;Autres prairies artificielles;Groupe d'indicateurs;020.08;Production séche (volume);809333;OUI
SAANR_FOURRAGE_2;2002;FR;METRO;NR93;06;Cultures développées;3.12.1.11.2;Autres prairies artificielles;Groupe d'indicateurs;020.08;Production séche (volume);29648;OUI
SAANR_FOURRAGE_2;2002;FR;METRO;NR93;13;Cultures développées;3.12.1.11.2;Autres prairies artificielles;Groupe d'indicateurs;020.08;Production séche (volume);173382;OUI
SAANR_FOURRAGE_2;2002;FR;METRO;NR93;83;Cultures développées;3.12.1.11.2;Autres prairies artificielles;Groupe d'indicateurs;020.08;Production séche (volume);112194;OUI
SAANR_FOURRAGE_2;2002;FR;METRO;NR93;84;Cultures développées;3.12.1.11.2;Autres prairies artificielles;Groupe d'indicateurs;020.08;Production séche (volume);124620;OUI
SAANR_FOURRAGE_2;2002;FR;METRO;NR93;04;Cultures développées;3.12.1.11.2;Autres prairies artificielles;Groupe d'indicateurs;050.07;Superficie concernée;8174;OUI
SAANR_FOURRAGE_2;2002;FR;METRO;NR93;05;Cultures développées;3.12.1.11.2;Autres prairies artificielles;Groupe d'indicateurs;050.07;Superficie concernée;9751;OUI
SAANR_FOURRAGE_2;2002;FR;METRO;NR93;06;Cultures développées;3.12.1.11.2;Autres prairies artificielles;Groupe d'indicateurs;050.07;Superficie concernée;436;OUI
SAANR_FOURRAGE_2;2002;FR;METRO;NR93;13;Cultures développées;3.12.1.11.2;Autres prairies artificielles;Groupe d'indicateurs;050.07;Superficie concernée;2442;OUI
SAANR_FOURRAGE_2;2002;FR;METRO;NR93;83;Cultures développées;3.12.1.11.2;Autres prairies artificielles;Groupe d'indicateurs;050.07;Superficie concernée;1626;OUI
SAANR_FOURRAGE_2;2002;FR;METRO;NR93;84;Cultures développées;3.12.1.11.2;Autres prairies artificielles;Groupe d'indicateurs;050.07;Superficie concernée;2010;OUI
SAANR_FOURRAGE_2;2002;FR;METRO;NR93;04;Cultures développées;3.12.1.11.2;Autres prairies artificielles;Groupe d'indicateurs;070.02;Rendement matière sèche;72;OUI
SAANR_FOURRAGE_2;2002;FR;METRO;NR93;05;Cultures développées;3.12.1.11.2;Autres prairies artificielles;Groupe d'indicateurs;070.02;Rendement matière sèche;83;OUI
SAANR_FOURRAGE_2;2002;FR;METRO;NR93;06;Cultures développées;3.12.1.11.2;Autres prairies artificielles;Groupe d'indicateurs;070.02;Rendement matière sèche;68;OUI
SAANR_FOURRAGE_2;2002;FR;METRO;NR93;13;Cultures développées;3.12.1.11.2;Autres prairies artificielles;Groupe d'indicateurs;070.02;Rendement matière sèche;71;OUI
SAANR_FOURRAGE_2;2002;FR;METRO;NR93;83;Cultures développées;3.12.1.11.2;Autres prairies artificielles;Groupe d'indicateurs;070.02;Rendement matière sèche;69;OUI
SAANR_FOURRAGE_2;2002;FR;METRO;NR93;84;Cultures développées;3.12.1.11.2;Autres prairies artificielles;Groupe d'indicateurs;070.02;Rendement matière sèche;62;OUI
SAANR_FOURRAGE_2;2002;FR;METRO;NR93;04;Cultures développées;3.12.1.12;Prairies temporaires;Groupe d'indicateurs;020.08;Production séche (volume);423522;OUI
SAANR_FOURRAGE_2;2002;FR;METRO;NR93;05;Cultures développées;3.12.1.12;Prairies temporaires;Groupe d'indicateurs;020.08;Production séche (volume);614691;OUI
SAANR_FOURRAGE_2;2002;FR;METRO;NR93;06;Cultures développées;3.12.1.12;Prairies temporaires;Groupe d'indicateurs;020.08;Production séche (volume);7440;OUI
SAANR_FOURRAGE_2;2002;FR;METRO;NR93;13;Cultures développées;3.12.1.12;Prairies temporaires;Groupe d'indicateurs;020.08;Production séche (volume);66080;OUI
SAANR_FOURRAGE_2;2002;FR;METRO;NR93;83;Cultures développées;3.12.1.12;Prairies temporaires;Groupe d'indicateurs;020.08;Production séche (volume);26600;OUI
SAANR_FOURRAGE_2;2002;FR;METRO;NR93;84;Cultures développées;3.12.1.12;Prairies temporaires;Groupe d'indicateurs;020.08;Production séche (volume);46200;OUI
SAANR_FOURRAGE_2;2002;FR;METRO;NR93;04;Cultures développées;3.12.1.12;Prairies temporaires;Groupe d'indicateurs;050.07;Superficie concernée;6417;OUI
SAANR_FOURRAGE_2;2002;FR;METRO;NR93;05;Cultures développées;3.12.1.12;Prairies temporaires;Groupe d'indicateurs;050.07;Superficie concernée;9757;OUI
SAANR_FOURRAGE_2;2002;FR;METRO;NR93;06;Cultures développées;3.12.1.12;Prairies temporaires;Groupe d'indicateurs;050.07;Superficie concernée;124;OUI
SAANR_FOURRAGE_2;2002;FR;METRO;NR93;13;Cultures développées;3.12.1.12;Prairies temporaires;Groupe d'indicateurs;050.07;Superficie concernée;1120;OUI
SAANR_FOURRAGE_2;2002;FR;METRO;NR93;83;Cultures développées;3.12.1.12;Prairies temporaires;Groupe d'indicateurs;050.07;Superficie concernée;665;OUI
SAANR_FOURRAGE_2;2002;FR;METRO;NR93;84;Cultures développées;3.12.1.12;Prairies temporaires;Groupe d'indicateurs;050.07;Superficie concernée;700;OUI
SAANR_FOURRAGE_2;2002;FR;METRO;NR93;04;Cultures développées;3.12.1.12;Prairies temporaires;Groupe d'indicateurs;070.02;Rendement matière sèche;66;OUI
SAANR_FOURRAGE_2;2002;FR;METRO;NR93;05;Cultures développées;3.12.1.12;Prairies temporaires;Groupe d'indicateurs;070.02;Rendement matière sèche;63;OUI
SAANR_FOURRAGE_2;2002;FR;METRO;NR93;06;Cultures développées;3.12.1.12;Prairies temporaires;Groupe d'indicateurs;070.02;Rendement matière sèche;60;OUI
SAANR_FOURRAGE_2;2002;FR;METRO;NR93;13;Cultures développées;3.12.1.12;Prairies temporaires;Groupe d'indicateurs;070.02;Rendement matière sèche;59;OUI
SAANR_FOURRAGE_2;2002;FR;METRO;NR93;83;Cultures développées;3.12.1.12;Prairies temporaires;Groupe d'indicateurs;070.02;Rendement matière sèche;40;OUI
SAANR_FOURRAGE_2;2002;FR;METRO;NR93;84;Cultures développées;3.12.1.12;Prairies temporaires;Groupe d'indicateurs;070.02;Rendement matière sèche;66;OUI
SAANR_FOURRAGE_2;2002;FR;METRO;NR93;04;Cultures développées;3.12.2;Superficie toujours en herbe (STH);Groupe d'indicateurs;020.08;Production séche (volume);996287;OUI
SAANR_FOURRAGE_2;2002;FR;METRO;NR93;05;Cultures développées;3.12.2;Superficie toujours en herbe (STH);Groupe d'indicateurs;020.08;Production séche (volume);1503534;OUI
SAANR_FOURRAGE_2;2002;FR;METRO;NR93;06;Cultures développées;3.12.2;Superficie toujours en herbe (STH);Groupe d'indicateurs;020.08;Production séche (volume);685858;OUI
SAANR_FOURRAGE_2;2002;FR;METRO;NR93;13;Cultures développées;3.12.2;Superficie toujours en herbe (STH);Groupe d'indicateurs;020.08;Production séche (volume);810280;OUI
SAANR_FOURRAGE_2;2002;FR;METRO;NR93;83;Cultures développées;3.12.2;Superficie toujours en herbe (STH);Groupe d'indicateurs;020.08;Production séche (volume);248644;OUI
SAANR_FOURRAGE_2;2002;FR;METRO;NR93;84;Cultures développées;3.12.2;Superficie toujours en herbe (STH);Groupe d'indicateurs;020.08;Production séche (volume);219731;OUI
SAANR_FOURRAGE_2;2002;FR;METRO;NR93;04;Cultures développées;3.12.2;Superficie toujours en herbe (STH);Groupe d'indicateurs;050.07;Superficie concernée;150039;OUI
SAANR_FOURRAGE_2;2002;FR;METRO;NR93;05;Cultures développées;3.12.2;Superficie toujours en herbe (STH);Groupe d'indicateurs;050.07;Superficie concernée;185186;OUI
SAANR_FOURRAGE_2;2002;FR;METRO;NR93;06;Cultures développées;3.12.2;Superficie toujours en herbe (STH);Groupe d'indicateurs;050.07;Superficie concernée;74891;OUI
SAANR_FOURRAGE_2;2002;FR;METRO;NR93;13;Cultures développées;3.12.2;Superficie toujours en herbe (STH);Groupe d'indicateurs;050.07;Superficie concernée;70560;OUI
SAANR_FOURRAGE_2;2002;FR;METRO;NR93;83;Cultures développées;3.12.2;Superficie toujours en herbe (STH);Groupe d'indicateurs;050.07;Superficie concernée;29834;OUI
SAANR_FOURRAGE_2;2002;FR;METRO;NR93;84;Cultures développées;3.12.2;Superficie toujours en herbe (STH);Groupe d'indicateurs;050.07;Superficie concernée;12597;OUI
SAANR_FOURRAGE_2;2002;FR;METRO;NR93;04;Cultures développées;3.12.2;Superficie toujours en herbe (STH);Groupe d'indicateurs;070.02;Rendement matière sèche;6.6;OUI
SAANR_FOURRAGE_2;2002;FR;METRO;NR93;05;Cultures développées;3.12.2;Superficie toujours en herbe (STH);Groupe d'indicateurs;070.02;Rendement matière sèche;8.1;OUI
SAANR_FOURRAGE_2;2002;FR;METRO;NR93;06;Cultures développées;3.12.2;Superficie toujours en herbe (STH);Groupe d'indicateurs;070.02;Rendement matière sèche;9.2;OUI
SAANR_FOURRAGE_2;2002;FR;METRO;NR93;13;Cultures développées;3.12.2;Superficie toujours en herbe (STH);Groupe d'indicateurs;070.02;Rendement matière sèche;11.5;OUI
SAANR_FOURRAGE_2;2002;FR;METRO;NR93;83;Cultures développées;3.12.2;Superficie toujours en herbe (STH);Groupe d'indicateurs;070.02;Rendement matière sèche;8.3;OUI
SAANR_FOURRAGE_2;2002;FR;METRO;NR93;84;Cultures développées;3.12.2;Superficie toujours en herbe (STH);Groupe d'indicateurs;070.02;Rendement matière sèche;17.4;OUI
SAANR_FOURRAGE_2;2002;FR;METRO;NR93;04;Cultures développées;3.12.2.11;Prairies naturelles ou semées depuis plus de 6 ans;Groupe d'indicateurs;020.08;Production séche (volume);282282;OUI
SAANR_FOURRAGE_2;2002;FR;METRO;NR93;05;Cultures développées;3.12.2.11;Prairies naturelles ou semées depuis plus de 6 ans;Groupe d'indicateurs;020.08;Production séche (volume);479622;OUI
SAANR_FOURRAGE_2;2002;FR;METRO;NR93;06;Cultures développées;3.12.2.11;Prairies naturelles ou semées depuis plus de 6 ans;Groupe d'indicateurs;020.08;Production séche (volume);136290;OUI
SAANR_FOURRAGE_2;2002;FR;METRO;NR93;13;Cultures développées;3.12.2.11;Prairies naturelles ou semées depuis plus de 6 ans;Groupe d'indicateurs;020.08;Production séche (volume);199504;OUI
SAANR_FOURRAGE_2;2002;FR;METRO;NR93;83;Cultures développées;3.12.2.11;Prairies naturelles ou semées depuis plus de 6 ans;Groupe d'indicateurs;020.08;Production séche (volume);23268;OUI
SAANR_FOURRAGE_2;2002;FR;METRO;NR93;84;Cultures développées;3.12.2.11;Prairies naturelles ou semées depuis plus de 6 ans;Groupe d'indicateurs;020.08;Production séche (volume);191864;OUI
SAANR_FOURRAGE_2;2002;FR;METRO;NR93;04;Cultures développées;3.12.2.11;Prairies naturelles ou semées depuis plus de 6 ans;Groupe d'indicateurs;050.07;Superficie concernée;7238;OUI
SAANR_FOURRAGE_2;2002;FR;METRO;NR93;05;Cultures développées;3.12.2.11;Prairies naturelles ou semées depuis plus de 6 ans;Groupe d'indicateurs;050.07;Superficie concernée;14534;OUI
SAANR_FOURRAGE_2;2002;FR;METRO;NR93;06;Cultures développées;3.12.2.11;Prairies naturelles ou semées depuis plus de 6 ans;Groupe d'indicateurs;050.07;Superficie concernée;6195;OUI
SAANR_FOURRAGE_2;2002;FR;METRO;NR93;13;Cultures développées;3.12.2.11;Prairies naturelles ou semées depuis plus de 6 ans;Groupe d'indicateurs;050.07;Superficie concernée;2696;OUI
SAANR_FOURRAGE_2;2002;FR;METRO;NR93;83;Cultures développées;3.12.2.11;Prairies naturelles ou semées depuis plus de 6 ans;Groupe d'indicateurs;050.07;Superficie concernée;1662;OUI
SAANR_FOURRAGE_2;2002;FR;METRO;NR93;84;Cultures développées;3.12.2.11;Prairies naturelles ou semées depuis plus de 6 ans;Groupe d'indicateurs;050.07;Superficie concernée;3308;OUI
SAANR_FOURRAGE_2;2002;FR;METRO;NR93;04;Cultures développées;3.12.2.11;Prairies naturelles ou semées depuis plus de 6 ans;Groupe d'indicateurs;070.02;Rendement matière sèche;39;OUI
SAANR_FOURRAGE_2;2002;FR;METRO;NR93;05;Cultures développées;3.12.2.11;Prairies naturelles ou semées depuis plus de 6 ans;Groupe d'indicateurs;070.02;Rendement matière sèche;33;OUI
SAANR_FOURRAGE_2;2002;FR;METRO;NR93;06;Cultures développées;3.12.2.11;Prairies naturelles ou semées depuis plus de 6 ans;Groupe d'indicateurs;070.02;Rendement matière sèche;22;OUI
SAANR_FOURRAGE_2;2002;FR;METRO;NR93;13;Cultures développées;3.12.2.11;Prairies naturelles ou semées depuis plus de 6 ans;Groupe d'indicateurs;070.02;Rendement matière sèche;74;OUI
SAANR_FOURRAGE_2;2002;FR;METRO;NR93;83;Cultures développées;3.12.2.11;Prairies naturelles ou semées depuis plus de 6 ans;Groupe d'indicateurs;070.02;Rendement matière sèche;14;OUI
SAANR_FOURRAGE_2;2002;FR;METRO;NR93;84;Cultures développées;3.12.2.11;Prairies naturelles ou semées depuis plus de 6 ans;Groupe d'indicateurs;070.02;Rendement matière sèche;58;OUI
SAANR_FOURRAGE_2;2002;FR;METRO;NR93;04;Cultures développées;3.12.2.12;STH (Superficies toujours en herbe) peu productives (pâturages pauvres);Groupe d'indicateurs;020.08;Production séche (volume);714005;OUI
SAANR_FOURRAGE_2;2002;FR;METRO;NR93;05;Cultures développées;3.12.2.12;STH (Superficies toujours en herbe) peu productives (pâturages pauvres);Groupe d'indicateurs;020.08;Production séche (volume);1023912;OUI
SAANR_FOURRAGE_2;2002;FR;METRO;NR93;06;Cultures développées;3.12.2.12;STH (Superficies toujours en herbe) peu productives (pâturages pauvres);Groupe d'indicateurs;020.08;Production séche (volume);549568;OUI
SAANR_FOURRAGE_2;2002;FR;METRO;NR93;13;Cultures développées;3.12.2.12;STH (Superficies toujours en herbe) peu productives (pâturages pauvres);Groupe d'indicateurs;020.08;Production séche (volume);610776;OUI
SAANR_FOURRAGE_2;2002;FR;METRO;NR93;83;Cultures développées;3.12.2.12;STH (Superficies toujours en herbe) peu productives (pâturages pauvres);Groupe d'indicateurs;020.08;Production séche (volume);225376;OUI
SAANR_FOURRAGE_2;2002;FR;METRO;NR93;84;Cultures développées;3.12.2.12;STH (Superficies toujours en herbe) peu productives (pâturages pauvres);Groupe d'indicateurs;020.08;Production séche (volume);27867;OUI
SAANR_FOURRAGE_2;2002;FR;METRO;NR93;04;Cultures développées;3.12.2.12;STH (Superficies toujours en herbe) peu productives (pâturages pauvres);Groupe d'indicateurs;050.07;Superficie concernée;142801;OUI
SAANR_FOURRAGE_2;2002;FR;METRO;NR93;05;Cultures développées;3.12.2.12;STH (Superficies toujours en herbe) peu productives (pâturages pauvres);Groupe d'indicateurs;050.07;Superficie concernée;170652;OUI
SAANR_FOURRAGE_2;2002;FR;METRO;NR93;06;Cultures développées;3.12.2.12;STH (Superficies toujours en herbe) peu productives (pâturages pauvres);Groupe d'indicateurs;050.07;Superficie concernée;68696;OUI
SAANR_FOURRAGE_2;2002;FR;METRO;NR93;13;Cultures développées;3.12.2.12;STH (Superficies toujours en herbe) peu productives (pâturages pauvres);Groupe d'indicateurs;050.07;Superficie concernée;67864;OUI
SAANR_FOURRAGE_2;2002;FR;METRO;NR93;83;Cultures développées;3.12.2.12;STH (Superficies toujours en herbe) peu productives (pâturages pauvres);Groupe d'indicateurs;050.07;Superficie concernée;28172;OUI
SAANR_FOURRAGE_2;2002;FR;METRO;NR93;84;Cultures développées;3.12.2.12;STH (Superficies toujours en herbe) peu productives (pâturages pauvres);Groupe d'indicateurs;050.07;Superficie concernée;9289;OUI
SAANR_FOURRAGE_2;2002;FR;METRO;NR93;04;Cultures développées;3.12.2.12;STH (Superficies toujours en herbe) peu productives (pâturages pauvres);Groupe d'indicateurs;070.02;Rendement matière sèche;5;OUI
SAANR_FOURRAGE_2;2002;FR;METRO;NR93;05;Cultures développées;3.12.2.12;STH (Superficies toujours en herbe) peu productives (pâturages pauvres);Groupe d'indicateurs;070.02;Rendement matière sèche;6;OUI
SAANR_FOURRAGE_2;2002;FR;METRO;NR93;06;Cultures développées;3.12.2.12;STH (Superficies toujours en herbe) peu productives (pâturages pauvres);Groupe d'indicateurs;070.02;Rendement matière sèche;8;OUI
SAANR_FOURRAGE_2;2002;FR;METRO;NR93;13;Cultures développées;3.12.2.12;STH (Superficies toujours en herbe) peu productives (pâturages pauvres);Groupe d'indicateurs;070.02;Rendement matière sèche;9;OUI
SAANR_FOURRAGE_2;2002;FR;METRO;NR93;83;Cultures développées;3.12.2.12;STH (Superficies toujours en herbe) peu productives (pâturages pauvres);Groupe d'indicateurs;070.02;Rendement matière sèche;8;OUI
SAANR_FOURRAGE_2;2002;FR;METRO;NR93;84;Cultures développées;3.12.2.12;STH (Superficies toujours en herbe) peu productives (pâturages pauvres);Groupe d'indicateurs;070.02;Rendement matière sèche;3;OUI
SAANR_FOURRAGE_2;2002;FR;METRO;NR94;2A;Cultures développées;3;Fourrages annuels, prairies non permanentes et STH;Groupe d'indicateurs;020.08;Production séche (volume);801884;OUI
SAANR_FOURRAGE_2;2002;FR;METRO;NR94;2B;Cultures développées;3;Fourrages annuels, prairies non permanentes et STH;Groupe d'indicateurs;020.08;Production séche (volume);1310281;OUI
SAANR_FOURRAGE_2;2002;FR;METRO;NR94;2A;Cultures développées;3;Fourrages annuels, prairies non permanentes et STH;Groupe d'indicateurs;050.07;Superficie concernée;107609;OUI
SAANR_FOURRAGE_2;2002;FR;METRO;NR94;2B;Cultures développées;3;Fourrages annuels, prairies non permanentes et STH;Groupe d'indicateurs;050.07;Superficie concernée;162597;OUI
SAANR_FOURRAGE_2;2002;FR;METRO;NR94;2A;Cultures développées;3;Fourrages annuels, prairies non permanentes et STH;Groupe d'indicateurs;070.02;Rendement matière sèche;;OUI
SAANR_FOURRAGE_2;2002;FR;METRO;NR94;2B;Cultures développées;3;Fourrages annuels, prairies non permanentes et STH;Groupe d'indicateurs;070.02;Rendement matière sèche;;OUI
SAANR_FOURRAGE_2;2002;FR;METRO;NR94;2A;Cultures développées;3.11;Fourrages annuels;Groupe d'indicateurs;020.08;Production séche (volume);17513;OUI
SAANR_FOURRAGE_2;2002;FR;METRO;NR94;2B;Cultures développées;3.11;Fourrages annuels;Groupe d'indicateurs;020.08;Production séche (volume);25707;OUI
SAANR_FOURRAGE_2;2002;FR;METRO;NR94;2A;Cultures développées;3.11;Fourrages annuels;Groupe d'indicateurs;050.07;Superficie concernée;398;OUI
SAANR_FOURRAGE_2;2002;FR;METRO;NR94;2B;Cultures développées;3.11;Fourrages annuels;Groupe d'indicateurs;050.07;Superficie concernée;616;OUI
SAANR_FOURRAGE_2;2002;FR;METRO;NR94;2A;Cultures développées;3.11;Fourrages annuels;Groupe d'indicateurs;070.02;Rendement matière sèche;;OUI
SAANR_FOURRAGE_2;2002;FR;METRO;NR94;2B;Cultures développées;3.11;Fourrages annuels;Groupe d'indicateurs;070.02;Rendement matière sèche;;OUI
SAANR_FOURRAGE_2;2002;FR;METRO;NR94;2A;Cultures développées;3.11.1;Maïs fourrage et ensilage (plante entière);Groupe d'indicateurs;020.08;Production séche (volume);700;OUI
SAANR_FOURRAGE_2;2002;FR;METRO;NR94;2B;Cultures développées;3.11.1;Maïs fourrage et ensilage (plante entière);Groupe d'indicateurs;020.08;Production séche (volume);4950;OUI
SAANR_FOURRAGE_2;2002;FR;METRO;NR94;2A;Cultures développées;3.11.1;Maïs fourrage et ensilage (plante entière);Groupe d'indicateurs;050.07;Superficie concernée;7;OUI
SAANR_FOURRAGE_2;2002;FR;METRO;NR94;2B;Cultures développées;3.11.1;Maïs fourrage et ensilage (plante entière);Groupe d'indicateurs;050.07;Superficie concernée;55;OUI
SAANR_FOURRAGE_2;2002;FR;METRO;NR94;2A;Cultures développées;3.11.1;Maïs fourrage et ensilage (plante entière);Groupe d'indicateurs;070.02;Rendement matière sèche;100;OUI
SAANR_FOURRAGE_2;2002;FR;METRO;NR94;2B;Cultures développées;3.11.1;Maïs fourrage et ensilage (plante entière);Groupe d'indicateurs;070.02;Rendement matière sèche;90;OUI
SAANR_FOURRAGE_2;2002;FR;METRO;NR94;2A;Cultures développées;3.11.1.12;Maïs fourrage et ensilage (plante entière) non irrigué;Groupe d'indicateurs;020.08;Production séche (volume);700;OUI
SAANR_FOURRAGE_2;2002;FR;METRO;NR94;2B;Cultures développées;3.11.1.12;Maïs fourrage et ensilage (plante entière) non irrigué;Groupe d'indicateurs;020.08;Production séche (volume);4950;OUI
SAANR_FOURRAGE_2;2002;FR;METRO;NR94;2A;Cultures développées;3.11.1.12;Maïs fourrage et ensilage (plante entière) non irrigué;Groupe d'indicateurs;050.07;Superficie concernée;7;OUI
SAANR_FOURRAGE_2;2002;FR;METRO;NR94;2B;Cultures développées;3.11.1.12;Maïs fourrage et ensilage (plante entière) non irrigué;Groupe d'indicateurs;050.07;Superficie concernée;55;OUI
SAANR_FOURRAGE_2;2002;FR;METRO;NR94;2A;Cultures développées;3.11.1.12;Maïs fourrage et ensilage (plante entière) non irrigué;Groupe d'indicateurs;070.02;Rendement matière sèche;100;OUI
SAANR_FOURRAGE_2;2002;FR;METRO;NR94;2B;Cultures développées;3.11.1.12;Maïs fourrage et ensilage (plante entière) non irrigué;Groupe d'indicateurs;070.02;Rendement matière sèche;90;OUI
SAANR_FOURRAGE_2;2002;FR;METRO;NR94;2A;Cultures développées;3.11.9;Autres fourrages annuels, n.c.a.;Groupe d'indicateurs;020.08;Production séche (volume);16813;OUI
SAANR_FOURRAGE_2;2002;FR;METRO;NR94;2B;Cultures développées;3.11.9;Autres fourrages annuels, n.c.a.;Groupe d'indicateurs;020.08;Production séche (volume);20757;OUI
SAANR_FOURRAGE_2;2002;FR;METRO;NR94;2A;Cultures développées;3.11.9;Autres fourrages annuels, n.c.a.;Groupe d'indicateurs;050.07;Superficie concernée;391;OUI
SAANR_FOURRAGE_2;2002;FR;METRO;NR94;2B;Cultures développées;3.11.9;Autres fourrages annuels, n.c.a.;Groupe d'indicateurs;050.07;Superficie concernée;561;OUI
SAANR_FOURRAGE_2;2002;FR;METRO;NR94;2A;Cultures développées;3.12;Prairies non permanentes et STH;Groupe d'indicateurs;020.08;Production séche (volume);784371;OUI
SAANR_FOURRAGE_2;2002;FR;METRO;NR94;2B;Cultures développées;3.12;Prairies non permanentes et STH;Groupe d'indicateurs;020.08;Production séche (volume);1284574;OUI
SAANR_FOURRAGE_2;2002;FR;METRO;NR94;2A;Cultures développées;3.12;Prairies non permanentes et STH;Groupe d'indicateurs;050.07;Superficie concernée;107211;OUI
SAANR_FOURRAGE_2;2002;FR;METRO;NR94;2B;Cultures développées;3.12;Prairies non permanentes et STH;Groupe d'indicateurs;050.07;Superficie concernée;161981;OUI
SAANR_FOURRAGE_2;2002;FR;METRO;NR94;2A;Cultures développées;3.12;Prairies non permanentes et STH;Groupe d'indicateurs;070.02;Rendement matière sèche;7.3;OUI
SAANR_FOURRAGE_2;2002;FR;METRO;NR94;2B;Cultures développées;3.12;Prairies non permanentes et STH;Groupe d'indicateurs;070.02;Rendement matière sèche;7.9;OUI
SAANR_FOURRAGE_2;2002;FR;METRO;NR94;2A;Cultures développées;3.12.1;Prairies non permanentes;Groupe d'indicateurs;020.08;Production séche (volume);36382;OUI
SAANR_FOURRAGE_2;2002;FR;METRO;NR94;2B;Cultures développées;3.12.1;Prairies non permanentes;Groupe d'indicateurs;020.08;Production séche (volume);359328;OUI
SAANR_FOURRAGE_2;2002;FR;METRO;NR94;2A;Cultures développées;3.12.1;Prairies non permanentes;Groupe d'indicateurs;050.07;Superficie concernée;922;OUI
SAANR_FOURRAGE_2;2002;FR;METRO;NR94;2B;Cultures développées;3.12.1;Prairies non permanentes;Groupe d'indicateurs;050.07;Superficie concernée;5422;OUI
SAANR_FOURRAGE_2;2002;FR;METRO;NR94;2A;Cultures développées;3.12.1;Prairies non permanentes;Groupe d'indicateurs;070.02;Rendement matière sèche;39.5;OUI
SAANR_FOURRAGE_2;2002;FR;METRO;NR94;2B;Cultures développées;3.12.1;Prairies non permanentes;Groupe d'indicateurs;070.02;Rendement matière sèche;66.3;OUI
SAANR_FOURRAGE_2;2002;FR;METRO;NR94;2A;Cultures développées;3.12.1.11;Prairie artificielle (luzerne, trèfle violet, ...);Groupe d'indicateurs;020.08;Production séche (volume);13630;OUI
SAANR_FOURRAGE_2;2002;FR;METRO;NR94;2B;Cultures développées;3.12.1.11;Prairie artificielle (luzerne, trèfle violet, ...);Groupe d'indicateurs;020.08;Production séche (volume);204048;OUI
SAANR_FOURRAGE_2;2002;FR;METRO;NR94;2A;Cultures développées;3.12.1.11;Prairie artificielle (luzerne, trèfle violet, ...);Groupe d'indicateurs;050.07;Superficie concernée;290;OUI
SAANR_FOURRAGE_2;2002;FR;METRO;NR94;2B;Cultures développées;3.12.1.11;Prairie artificielle (luzerne, trèfle violet, ...);Groupe d'indicateurs;050.07;Superficie concernée;2834;OUI
SAANR_FOURRAGE_2;2002;FR;METRO;NR94;2A;Cultures développées;3.12.1.11;Prairie artificielle (luzerne, trèfle violet, ...);Groupe d'indicateurs;070.02;Rendement matière sèche;47;OUI
SAANR_FOURRAGE_2;2002;FR;METRO;NR94;2B;Cultures développées;3.12.1.11;Prairie artificielle (luzerne, trèfle violet, ...);Groupe d'indicateurs;070.02;Rendement matière sèche;72;OUI
SAANR_FOURRAGE_2;2002;FR;METRO;NR94;2A;Cultures développées;3.12.1.11.1;Luzerne pour déhydratation;Groupe d'indicateurs;050.07;Superficie concernée;0;OUI
SAANR_FOURRAGE_2;2002;FR;METRO;NR94;2B;Cultures développées;3.12.1.11.1;Luzerne pour déhydratation;Groupe d'indicateurs;050.07;Superficie concernée;0;OUI
SAANR_FOURRAGE_2;2002;FR;METRO;NR94;2A;Cultures développées;3.12.1.11.2;Autres prairies artificielles;Groupe d'indicateurs;020.08;Production séche (volume);13630;OUI
SAANR_FOURRAGE_2;2002;FR;METRO;NR94;2B;Cultures développées;3.12.1.11.2;Autres prairies artificielles;Groupe d'indicateurs;020.08;Production séche (volume);204048;OUI
SAANR_FOURRAGE_2;2002;FR;METRO;NR94;2A;Cultures développées;3.12.1.11.2;Autres prairies artificielles;Groupe d'indicateurs;050.07;Superficie concernée;290;OUI
SAANR_FOURRAGE_2;2002;FR;METRO;NR94;2B;Cultures développées;3.12.1.11.2;Autres prairies artificielles;Groupe d'indicateurs;050.07;Superficie concernée;2834;OUI
SAANR_FOURRAGE_2;2002;FR;METRO;NR94;2A;Cultures développées;3.12.1.11.2;Autres prairies artificielles;Groupe d'indicateurs;070.02;Rendement matière sèche;47;OUI
SAANR_FOURRAGE_2;2002;FR;METRO;NR94;2B;Cultures développées;3.12.1.11.2;Autres prairies artificielles;Groupe d'indicateurs;070.02;Rendement matière sèche;72;OUI
SAANR_FOURRAGE_2;2002;FR;METRO;NR94;2A;Cultures développées;3.12.1.12;Prairies temporaires;Groupe d'indicateurs;020.08;Production séche (volume);22752;OUI
SAANR_FOURRAGE_2;2002;FR;METRO;NR94;2B;Cultures développées;3.12.1.12;Prairies temporaires;Groupe d'indicateurs;020.08;Production séche (volume);155280;OUI
SAANR_FOURRAGE_2;2002;FR;METRO;NR94;2A;Cultures développées;3.12.1.12;Prairies temporaires;Groupe d'indicateurs;050.07;Superficie concernée;632;OUI
SAANR_FOURRAGE_2;2002;FR;METRO;NR94;2B;Cultures développées;3.12.1.12;Prairies temporaires;Groupe d'indicateurs;050.07;Superficie concernée;2588;OUI
SAANR_FOURRAGE_2;2002;FR;METRO;NR94;2A;Cultures développées;3.12.1.12;Prairies temporaires;Groupe d'indicateurs;070.02;Rendement matière sèche;36;OUI
SAANR_FOURRAGE_2;2002;FR;METRO;NR94;2B;Cultures développées;3.12.1.12;Prairies temporaires;Groupe d'indicateurs;070.02;Rendement matière sèche;60;OUI
SAANR_FOURRAGE_2;2002;FR;METRO;NR94;2A;Cultures développées;3.12.2;Superficie toujours en herbe (STH);Groupe d'indicateurs;020.08;Production séche (volume);747989;OUI
SAANR_FOURRAGE_2;2002;FR;METRO;NR94;2B;Cultures développées;3.12.2;Superficie toujours en herbe (STH);Groupe d'indicateurs;020.08;Production séche (volume);925246;OUI
SAANR_FOURRAGE_2;2002;FR;METRO;NR94;2A;Cultures développées;3.12.2;Superficie toujours en herbe (STH);Groupe d'indicateurs;050.07;Superficie concernée;106289;OUI
SAANR_FOURRAGE_2;2002;FR;METRO;NR94;2B;Cultures développées;3.12.2;Superficie toujours en herbe (STH);Groupe d'indicateurs;050.07;Superficie concernée;156559;OUI
SAANR_FOURRAGE_2;2002;FR;METRO;NR94;2A;Cultures développées;3.12.2;Superficie toujours en herbe (STH);Groupe d'indicateurs;070.02;Rendement matière sèche;7;OUI
SAANR_FOURRAGE_2;2002;FR;METRO;NR94;2B;Cultures développées;3.12.2;Superficie toujours en herbe (STH);Groupe d'indicateurs;070.02;Rendement matière sèche;5.9;OUI
SAANR_FOURRAGE_2;2002;FR;METRO;NR94;2A;Cultures développées;3.12.2.11;Prairies naturelles ou semées depuis plus de 6 ans;Groupe d'indicateurs;020.08;Production séche (volume);284214;OUI
SAANR_FOURRAGE_2;2002;FR;METRO;NR94;2B;Cultures développées;3.12.2.11;Prairies naturelles ou semées depuis plus de 6 ans;Groupe d'indicateurs;020.08;Production séche (volume);378746;OUI
SAANR_FOURRAGE_2;2002;FR;METRO;NR94;2A;Cultures développées;3.12.2.11;Prairies naturelles ou semées depuis plus de 6 ans;Groupe d'indicateurs;050.07;Superficie concernée;13534;OUI
SAANR_FOURRAGE_2;2002;FR;METRO;NR94;2B;Cultures développées;3.12.2.11;Prairies naturelles ou semées depuis plus de 6 ans;Groupe d'indicateurs;050.07;Superficie concernée;19934;OUI
SAANR_FOURRAGE_2;2002;FR;METRO;NR94;2A;Cultures développées;3.12.2.11;Prairies naturelles ou semées depuis plus de 6 ans;Groupe d'indicateurs;070.02;Rendement matière sèche;21;OUI
SAANR_FOURRAGE_2;2002;FR;METRO;NR94;2B;Cultures développées;3.12.2.11;Prairies naturelles ou semées depuis plus de 6 ans;Groupe d'indicateurs;070.02;Rendement matière sèche;19;OUI
SAANR_FOURRAGE_2;2002;FR;METRO;NR94;2A;Cultures développées;3.12.2.12;STH (Superficies toujours en herbe) peu productives (pâturages pauvres);Groupe d'indicateurs;020.08;Production séche (volume);463775;OUI
SAANR_FOURRAGE_2;2002;FR;METRO;NR94;2B;Cultures développées;3.12.2.12;STH (Superficies toujours en herbe) peu productives (pâturages pauvres);Groupe d'indicateurs;020.08;Production séche (volume);546500;OUI
SAANR_FOURRAGE_2;2002;FR;METRO;NR94;2A;Cultures développées;3.12.2.12;STH (Superficies toujours en herbe) peu productives (pâturages pauvres);Groupe d'indicateurs;050.07;Superficie concernée;92755;OUI
SAANR_FOURRAGE_2;2002;FR;METRO;NR94;2B;Cultures développées;3.12.2.12;STH (Superficies toujours en herbe) peu productives (pâturages pauvres);Groupe d'indicateurs;050.07;Superficie concernée;136625;OUI
SAANR_FOURRAGE_2;2002;FR;METRO;NR94;2A;Cultures développées;3.12.2.12;STH (Superficies toujours en herbe) peu productives (pâturages pauvres);Groupe d'indicateurs;070.02;Rendement matière sèche;5;OUI
SAANR_FOURRAGE_2;2002;FR;METRO;NR94;2B;Cultures développées;3.12.2.12;STH (Superficies toujours en herbe) peu productives (pâturages pauvres);Groupe d'indicateurs;070.02;Rendement matière sèche;4;OUI
SAANR_FOURRAGE_2;2002;FR;DOM;NR01;...;Cultures développées;3;Fourrages annuels, prairies non permanentes et STH;Groupe d'indicateurs;050.07;Superficie concernée;21813;OUI
SAANR_FOURRAGE_2;2002;FR;DOM;NR01;...;Cultures développées;3.11;Fourrages annuels;Groupe d'indicateurs;050.07;Superficie concernée;0;OUI
SAANR_FOURRAGE_2;2002;FR;DOM;NR01;...;Cultures développées;3.11.1;Maïs fourrage et ensilage (plante entière);Groupe d'indicateurs;050.07;Superficie concernée;0;OUI
SAANR_FOURRAGE_2;2002;FR;DOM;NR01;...;Cultures développées;3.11.1.12;Maïs fourrage et ensilage (plante entière) non irrigué;Groupe d'indicateurs;050.07;Superficie concernée;0;OUI
SAANR_FOURRAGE_2;2002;FR;DOM;NR01;...;Cultures développées;3.11.9;Autres fourrages annuels, n.c.a.;Groupe d'indicateurs;050.07;Superficie concernée;0;OUI
SAANR_FOURRAGE_2;2002;FR;DOM;NR01;...;Cultures développées;3.12;Prairies non permanentes et STH;Groupe d'indicateurs;050.07;Superficie concernée;21813;OUI
SAANR_FOURRAGE_2;2002;FR;DOM;NR01;...;Cultures développées;3.12.1;Prairies non permanentes;Groupe d'indicateurs;050.07;Superficie concernée;0;OUI
SAANR_FOURRAGE_2;2002;FR;DOM;NR01;...;Cultures développées;3.12.1.11;Prairie artificielle (luzerne, trèfle violet, ...);Groupe d'indicateurs;050.07;Superficie concernée;0;OUI
SAANR_FOURRAGE_2;2002;FR;DOM;NR01;...;Cultures développées;3.12.1.11.2;Autres prairies artificielles;Groupe d'indicateurs;050.07;Superficie concernée;0;OUI
SAANR_FOURRAGE_2;2002;FR;DOM;NR01;...;Cultures développées;3.12.1.12;Prairies temporaires;Groupe d'indicateurs;050.07;Superficie concernée;0;OUI
SAANR_FOURRAGE_2;2002;FR;DOM;NR01;...;Cultures développées;3.12.2;Superficie toujours en herbe (STH);Groupe d'indicateurs;050.07;Superficie concernée;21813;OUI
SAANR_FOURRAGE_2;2002;FR;DOM;NR01;...;Cultures développées;3.12.2.11;Prairies naturelles ou semées depuis plus de 6 ans;Groupe d'indicateurs;050.07;Superficie concernée;12923;OUI
SAANR_FOURRAGE_2;2002;FR;DOM;NR01;...;Cultures développées;3.12.2.12;STH (Superficies toujours en herbe) peu productives (pâturages pauvres);Groupe d'indicateurs;050.07;Superficie concernée;8890;OUI
SAANR_FOURRAGE_2;2002;FR;DOM;NR02;...;Cultures développées;3;Fourrages annuels, prairies non permanentes et STH;Groupe d'indicateurs;050.07;Superficie concernée;17791;OUI
SAANR_FOURRAGE_2;2002;FR;DOM;NR02;...;Cultures développées;3.11;Fourrages annuels;Groupe d'indicateurs;050.07;Superficie concernée;0;OUI
SAANR_FOURRAGE_2;2002;FR;DOM;NR02;...;Cultures développées;3.11.1;Maïs fourrage et ensilage (plante entière);Groupe d'indicateurs;050.07;Superficie concernée;0;OUI
SAANR_FOURRAGE_2;2002;FR;DOM;NR02;...;Cultures développées;3.11.1.12;Maïs fourrage et ensilage (plante entière) non irrigué;Groupe d'indicateurs;050.07;Superficie concernée;0;OUI
SAANR_FOURRAGE_2;2002;FR;DOM;NR02;...;Cultures développées;3.11.9;Autres fourrages annuels, n.c.a.;Groupe d'indicateurs;050.07;Superficie concernée;0;OUI
SAANR_FOURRAGE_2;2002;FR;DOM;NR02;...;Cultures développées;3.12;Prairies non permanentes et STH;Groupe d'indicateurs;050.07;Superficie concernée;17791;OUI
SAANR_FOURRAGE_2;2002;FR;DOM;NR02;...;Cultures développées;3.12.1;Prairies non permanentes;Groupe d'indicateurs;050.07;Superficie concernée;156;OUI
SAANR_FOURRAGE_2;2002;FR;DOM;NR02;...;Cultures développées;3.12.1.11;Prairie artificielle (luzerne, trèfle violet, ...);Groupe d'indicateurs;050.07;Superficie concernée;0;OUI
SAANR_FOURRAGE_2;2002;FR;DOM;NR02;...;Cultures développées;3.12.1.11.2;Autres prairies artificielles;Groupe d'indicateurs;050.07;Superficie concernée;0;OUI
SAANR_FOURRAGE_2;2002;FR;DOM;NR02;...;Cultures développées;3.12.1.12;Prairies temporaires;Groupe d'indicateurs;050.07;Superficie concernée;156;OUI
SAANR_FOURRAGE_2;2002;FR;DOM;NR02;...;Cultures développées;3.12.2;Superficie toujours en herbe (STH);Groupe d'indicateurs;050.07;Superficie concernée;17635;OUI
SAANR_FOURRAGE_2;2002;FR;DOM;NR02;...;Cultures développées;3.12.2.11;Prairies naturelles ou semées depuis plus de 6 ans;Groupe d'indicateurs;050.07;Superficie concernée;13444;OUI
SAANR_FOURRAGE_2;2002;FR;DOM;NR02;...;Cultures développées;3.12.2.12;STH (Superficies toujours en herbe) peu productives (pâturages pauvres);Groupe d'indicateurs;050.07;Superficie concernée;4191;OUI
SAANR_FOURRAGE_2;2002;FR;DOM;NR03;...;Cultures développées;3;Fourrages annuels, prairies non permanentes et STH;Groupe d'indicateurs;050.07;Superficie concernée;22;OUI
SAANR_FOURRAGE_2;2002;FR;DOM;NR03;...;Cultures développées;3.11;Fourrages annuels;Groupe d'indicateurs;050.07;Superficie concernée;22;OUI
SAANR_FOURRAGE_2;2002;FR;DOM;NR03;...;Cultures développées;3.11.1;Maïs fourrage et ensilage (plante entière);Groupe d'indicateurs;050.07;Superficie concernée;3;OUI
SAANR_FOURRAGE_2;2002;FR;DOM;NR03;...;Cultures développées;3.11.1.12;Maïs fourrage et ensilage (plante entière) non irrigué;Groupe d'indicateurs;050.07;Superficie concernée;3;OUI
SAANR_FOURRAGE_2;2002;FR;DOM;NR03;...;Cultures développées;3.11.9;Autres fourrages annuels, n.c.a.;Groupe d'indicateurs;050.07;Superficie concernée;19;OUI
SAANR_FOURRAGE_2;2002;FR;DOM;NR04;...;Cultures développées;3;Fourrages annuels, prairies non permanentes et STH;Groupe d'indicateurs;050.07;Superficie concernée;10947;OUI
SAANR_FOURRAGE_2;2002;FR;DOM;NR04;...;Cultures développées;3.11;Fourrages annuels;Groupe d'indicateurs;050.07;Superficie concernée;363;OUI
SAANR_FOURRAGE_2;2002;FR;DOM;NR04;...;Cultures développées;3.11.1;Maïs fourrage et ensilage (plante entière);Groupe d'indicateurs;050.07;Superficie concernée;363;OUI
SAANR_FOURRAGE_2;2002;FR;DOM;NR04;...;Cultures développées;3.11.1.12;Maïs fourrage et ensilage (plante entière) non irrigué;Groupe d'indicateurs;050.07;Superficie concernée;363;OUI
SAANR_FOURRAGE_2;2002;FR;DOM;NR04;...;Cultures développées;3.11.9;Autres fourrages annuels, n.c.a.;Groupe d'indicateurs;050.07;Superficie concernée;0;OUI
SAANR_FOURRAGE_2;2002;FR;DOM;NR04;...;Cultures développées;3.12;Prairies non permanentes et STH;Groupe d'indicateurs;050.07;Superficie concernée;10584;OUI
SAANR_FOURRAGE_2;2002;FR;DOM;NR04;...;Cultures développées;3.12.1;Prairies non permanentes;Groupe d'indicateurs;050.07;Superficie concernée;1207;OUI
SAANR_FOURRAGE_2;2002;FR;DOM;NR04;...;Cultures développées;3.12.1.11;Prairie artificielle (luzerne, trèfle violet, ...);Groupe d'indicateurs;050.07;Superficie concernée;0;OUI
SAANR_FOURRAGE_2;2002;FR;DOM;NR04;...;Cultures développées;3.12.1.11.2;Autres prairies artificielles;Groupe d'indicateurs;050.07;Superficie concernée;0;OUI
SAANR_FOURRAGE_2;2002;FR;DOM;NR04;...;Cultures développées;3.12.1.12;Prairies temporaires;Groupe d'indicateurs;050.07;Superficie concernée;1207;OUI
SAANR_FOURRAGE_2;2002;FR;DOM;NR04;...;Cultures développées;3.12.2;Superficie toujours en herbe (STH);Groupe d'indicateurs;050.07;Superficie concernée;9377;OUI
SAANR_FOURRAGE_2;2002;FR;DOM;NR04;...;Cultures développées;3.12.2.11;Prairies naturelles ou semées depuis plus de 6 ans;Groupe d'indicateurs;050.07;Superficie concernée;7511;OUI
SAANR_FOURRAGE_2;2002;FR;DOM;NR04;...;Cultures développées;3.12.2.12;STH (Superficies toujours en herbe) peu productives (pâturages pauvres);Groupe d'indicateurs;050.07;Superficie concernée;1866;OUI
SAANR_FOURRAGE_2;2002;FR;METRO;NR11;...;Cultures développées;3;Fourrages annuels, prairies non permanentes et STH;Groupe d'indicateurs;020.08;Production séche (volume);2856286;OUI
SAANR_FOURRAGE_2;2002;FR;METRO;NR11;...;Cultures développées;3;Fourrages annuels, prairies non permanentes et STH;Groupe d'indicateurs;050.07;Superficie concernée;44828;OUI
SAANR_FOURRAGE_2;2002;FR;METRO;NR11;...;Cultures développées;3;Fourrages annuels, prairies non permanentes et STH;Groupe d'indicateurs;070.02;Rendement matière sèche;;OUI
SAANR_FOURRAGE_2;2002;FR;METRO;NR11;...;Cultures développées;3.11;Fourrages annuels;Groupe d'indicateurs;020.08;Production séche (volume);215250;OUI
SAANR_FOURRAGE_2;2002;FR;METRO;NR11;...;Cultures développées;3.11;Fourrages annuels;Groupe d'indicateurs;050.07;Superficie concernée;1711;OUI
SAANR_FOURRAGE_2;2002;FR;METRO;NR11;...;Cultures développées;3.11;Fourrages annuels;Groupe d'indicateurs;070.02;Rendement matière sèche;;OUI
SAANR_FOURRAGE_2;2002;FR;METRO;NR11;...;Cultures développées;3.11.1;Maïs fourrage et ensilage (plante entière);Groupe d'indicateurs;020.08;Production séche (volume);207345;OUI
SAANR_FOURRAGE_2;2002;FR;METRO;NR11;...;Cultures développées;3.11.1;Maïs fourrage et ensilage (plante entière);Groupe d'indicateurs;050.07;Superficie concernée;1606;OUI
SAANR_FOURRAGE_2;2002;FR;METRO;NR11;...;Cultures développées;3.11.1;Maïs fourrage et ensilage (plante entière);Groupe d'indicateurs;070.02;Rendement matière sèche;129.1;OUI
SAANR_FOURRAGE_2;2002;FR;METRO;NR11;...;Cultures développées;3.11.1.12;Maïs fourrage et ensilage (plante entière) non irrigué;Groupe d'indicateurs;020.08;Production séche (volume);207345;OUI
SAANR_FOURRAGE_2;2002;FR;METRO;NR11;...;Cultures développées;3.11.1.12;Maïs fourrage et ensilage (plante entière) non irrigué;Groupe d'indicateurs;050.07;Superficie concernée;1606;OUI
SAANR_FOURRAGE_2;2002;FR;METRO;NR11;...;Cultures développées;3.11.1.12;Maïs fourrage et ensilage (plante entière) non irrigué;Groupe d'indicateurs;070.02;Rendement matière sèche;129.1;OUI
SAANR_FOURRAGE_2;2002;FR;METRO;NR11;...;Cultures développées;3.11.9;Autres fourrages annuels, n.c.a.;Groupe d'indicateurs;020.08;Production séche (volume);7905;OUI
SAANR_FOURRAGE_2;2002;FR;METRO;NR11;...;Cultures développées;3.11.9;Autres fourrages annuels, n.c.a.;Groupe d'indicateurs;050.07;Superficie concernée;105;OUI
SAANR_FOURRAGE_2;2002;FR;METRO;NR11;...;Cultures développées;3.12;Prairies non permanentes et STH;Groupe d'indicateurs;020.08;Production séche (volume);2641036;OUI
SAANR_FOURRAGE_2;2002;FR;METRO;NR11;...;Cultures développées;3.12;Prairies non permanentes et STH;Groupe d'indicateurs;050.07;Superficie concernée;43117;OUI
SAANR_FOURRAGE_2;2002;FR;METRO;NR11;...;Cultures développées;3.12;Prairies non permanentes et STH;Groupe d'indicateurs;070.02;Rendement matière sèche;61.3;OUI
SAANR_FOURRAGE_2;2002;FR;METRO;NR11;...;Cultures développées;3.12.1;Prairies non permanentes;Groupe d'indicateurs;020.08;Production séche (volume);481519;OUI
SAANR_FOURRAGE_2;2002;FR;METRO;NR11;...;Cultures développées;3.12.1;Prairies non permanentes;Groupe d'indicateurs;050.07;Superficie concernée;4913;OUI
SAANR_FOURRAGE_2;2002;FR;METRO;NR11;...;Cultures développées;3.12.1;Prairies non permanentes;Groupe d'indicateurs;070.02;Rendement matière sèche;98;OUI
SAANR_FOURRAGE_2;2002;FR;METRO;NR11;...;Cultures développées;3.12.1.11;Prairie artificielle (luzerne, trèfle violet, ...);Groupe d'indicateurs;020.08;Production séche (volume);306671;OUI
SAANR_FOURRAGE_2;2002;FR;METRO;NR11;...;Cultures développées;3.12.1.11;Prairie artificielle (luzerne, trèfle violet, ...);Groupe d'indicateurs;050.07;Superficie concernée;2980;OUI
SAANR_FOURRAGE_2;2002;FR;METRO;NR11;...;Cultures développées;3.12.1.11;Prairie artificielle (luzerne, trèfle violet, ...);Groupe d'indicateurs;070.02;Rendement matière sèche;102.9;OUI
SAANR_FOURRAGE_2;2002;FR;METRO;NR11;...;Cultures développées;3.12.1.11.2;Autres prairies artificielles;Groupe d'indicateurs;020.08;Production séche (volume);306671;OUI
SAANR_FOURRAGE_2;2002;FR;METRO;NR11;...;Cultures développées;3.12.1.11.2;Autres prairies artificielles;Groupe d'indicateurs;050.07;Superficie concernée;2980;OUI
SAANR_FOURRAGE_2;2002;FR;METRO;NR11;...;Cultures développées;3.12.1.11.2;Autres prairies artificielles;Groupe d'indicateurs;070.02;Rendement matière sèche;102.9;OUI
SAANR_FOURRAGE_2;2002;FR;METRO;NR11;...;Cultures développées;3.12.1.12;Prairies temporaires;Groupe d'indicateurs;020.08;Production séche (volume);174848;OUI
SAANR_FOURRAGE_2;2002;FR;METRO;NR11;...;Cultures développées;3.12.1.12;Prairies temporaires;Groupe d'indicateurs;050.07;Superficie concernée;1933;OUI
SAANR_FOURRAGE_2;2002;FR;METRO;NR11;...;Cultures développées;3.12.1.12;Prairies temporaires;Groupe d'indicateurs;070.02;Rendement matière sèche;90.5;OUI
SAANR_FOURRAGE_2;2002;FR;METRO;NR11;...;Cultures développées;3.12.2;Superficie toujours en herbe (STH);Groupe d'indicateurs;020.08;Production séche (volume);2159517;OUI
SAANR_FOURRAGE_2;2002;FR;METRO;NR11;...;Cultures développées;3.12.2;Superficie toujours en herbe (STH);Groupe d'indicateurs;050.07;Superficie concernée;38204;OUI
SAANR_FOURRAGE_2;2002;FR;METRO;NR11;...;Cultures développées;3.12.2;Superficie toujours en herbe (STH);Groupe d'indicateurs;070.02;Rendement matière sèche;56.5;OUI
SAANR_FOURRAGE_2;2002;FR;METRO;NR11;...;Cultures développées;3.12.2.11;Prairies naturelles ou semées depuis plus de 6 ans;Groupe d'indicateurs;020.08;Production séche (volume);2149797;OUI
SAANR_FOURRAGE_2;2002;FR;METRO;NR11;...;Cultures développées;3.12.2.11;Prairies naturelles ou semées depuis plus de 6 ans;Groupe d'indicateurs;050.07;Superficie concernée;37464;OUI
SAANR_FOURRAGE_2;2002;FR;METRO;NR11;...;Cultures développées;3.12.2.11;Prairies naturelles ou semées depuis plus de 6 ans;Groupe d'indicateurs;070.02;Rendement matière sèche;57.4;OUI
SAANR_FOURRAGE_2;2002;FR;METRO;NR11;...;Cultures développées;3.12.2.12;STH (Superficies toujours en herbe) peu productives (pâturages pauvres);Groupe d'indicateurs;020.08;Production séche (volume);9720;OUI
SAANR_FOURRAGE_2;2002;FR;METRO;NR11;...;Cultures développées;3.12.2.12;STH (Superficies toujours en herbe) peu productives (pâturages pauvres);Groupe d'indicateurs;050.07;Superficie concernée;740;OUI
SAANR_FOURRAGE_2;2002;FR;METRO;NR11;...;Cultures développées;3.12.2.12;STH (Superficies toujours en herbe) peu productives (pâturages pauvres);Groupe d'indicateurs;070.02;Rendement matière sèche;13.1;OUI
SAANR_FOURRAGE_2;2002;FR;METRO;NR24;...;Cultures développées;3;Fourrages annuels, prairies non permanentes et STH;Groupe d'indicateurs;020.08;Production séche (volume);29982416;OUI
SAANR_FOURRAGE_2;2002;FR;METRO;NR24;...;Cultures développées;3;Fourrages annuels, prairies non permanentes et STH;Groupe d'indicateurs;050.07;Superficie concernée;526672;OUI
SAANR_FOURRAGE_2;2002;FR;METRO;NR24;...;Cultures développées;3;Fourrages annuels, prairies non permanentes et STH;Groupe d'indicateurs;070.02;Rendement matière sèche;;OUI
SAANR_FOURRAGE_2;2002;FR;METRO;NR24;...;Cultures développées;3.11;Fourrages annuels;Groupe d'indicateurs;020.08;Production séche (volume);3461755;OUI
SAANR_FOURRAGE_2;2002;FR;METRO;NR24;...;Cultures développées;3.11;Fourrages annuels;Groupe d'indicateurs;050.07;Superficie concernée;31875;OUI
SAANR_FOURRAGE_2;2002;FR;METRO;NR24;...;Cultures développées;3.11;Fourrages annuels;Groupe d'indicateurs;070.02;Rendement matière sèche;;OUI
SAANR_FOURRAGE_2;2002;FR;METRO;NR24;...;Cultures développées;3.11.1;Maïs fourrage et ensilage (plante entière);Groupe d'indicateurs;020.08;Production séche (volume);3271005;OUI
SAANR_FOURRAGE_2;2002;FR;METRO;NR24;...;Cultures développées;3.11.1;Maïs fourrage et ensilage (plante entière);Groupe d'indicateurs;050.07;Superficie concernée;29399;OUI
SAANR_FOURRAGE_2;2002;FR;METRO;NR24;...;Cultures développées;3.11.1;Maïs fourrage et ensilage (plante entière);Groupe d'indicateurs;070.02;Rendement matière sèche;111.3;OUI
SAANR_FOURRAGE_2;2002;FR;METRO;NR24;...;Cultures développées;3.11.1.12;Maïs fourrage et ensilage (plante entière) non irrigué;Groupe d'indicateurs;020.08;Production séche (volume);3271005;OUI
SAANR_FOURRAGE_2;2002;FR;METRO;NR24;...;Cultures développées;3.11.1.12;Maïs fourrage et ensilage (plante entière) non irrigué;Groupe d'indicateurs;050.07;Superficie concernée;29399;OUI
SAANR_FOURRAGE_2;2002;FR;METRO;NR24;...;Cultures développées;3.11.1.12;Maïs fourrage et ensilage (plante entière) non irrigué;Groupe d'indicateurs;070.02;Rendement matière sèche;111.3;OUI
SAANR_FOURRAGE_2;2002;FR;METRO;NR24;...;Cultures développées;3.11.9;Autres fourrages annuels, n.c.a.;Groupe d'indicateurs;020.08;Production séche (volume);190750;OUI
SAANR_FOURRAGE_2;2002;FR;METRO;NR24;...;Cultures développées;3.11.9;Autres fourrages annuels, n.c.a.;Groupe d'indicateurs;050.07;Superficie concernée;2476;OUI
SAANR_FOURRAGE_2;2002;FR;METRO;NR24;...;Cultures développées;3.12;Prairies non permanentes et STH;Groupe d'indicateurs;020.08;Production séche (volume);26520661;OUI
SAANR_FOURRAGE_2;2002;FR;METRO;NR24;...;Cultures développées;3.12;Prairies non permanentes et STH;Groupe d'indicateurs;050.07;Superficie concernée;494797;OUI
SAANR_FOURRAGE_2;2002;FR;METRO;NR24;...;Cultures développées;3.12;Prairies non permanentes et STH;Groupe d'indicateurs;070.02;Rendement matière sèche;53.6;OUI
SAANR_FOURRAGE_2;2002;FR;METRO;NR24;...;Cultures développées;3.12.1;Prairies non permanentes;Groupe d'indicateurs;020.08;Production séche (volume);9924719;OUI
SAANR_FOURRAGE_2;2002;FR;METRO;NR24;...;Cultures développées;3.12.1;Prairies non permanentes;Groupe d'indicateurs;050.07;Superficie concernée;148375;OUI
SAANR_FOURRAGE_2;2002;FR;METRO;NR24;...;Cultures développées;3.12.1;Prairies non permanentes;Groupe d'indicateurs;070.02;Rendement matière sèche;66.9;OUI
SAANR_FOURRAGE_2;2002;FR;METRO;NR24;...;Cultures développées;3.12.1.11;Prairie artificielle (luzerne, trèfle violet, ...);Groupe d'indicateurs;020.08;Production séche (volume);999227;OUI
SAANR_FOURRAGE_2;2002;FR;METRO;NR24;...;Cultures développées;3.12.1.11;Prairie artificielle (luzerne, trèfle violet, ...);Groupe d'indicateurs;050.07;Superficie concernée;13142;OUI
SAANR_FOURRAGE_2;2002;FR;METRO;NR24;...;Cultures développées;3.12.1.11;Prairie artificielle (luzerne, trèfle violet, ...);Groupe d'indicateurs;070.02;Rendement matière sèche;76;OUI
SAANR_FOURRAGE_2;2002;FR;METRO;NR24;...;Cultures développées;3.12.1.11.2;Autres prairies artificielles;Groupe d'indicateurs;020.08;Production séche (volume);999227;OUI
SAANR_FOURRAGE_2;2002;FR;METRO;NR24;...;Cultures développées;3.12.1.11.2;Autres prairies artificielles;Groupe d'indicateurs;050.07;Superficie concernée;13142;OUI
SAANR_FOURRAGE_2;2002;FR;METRO;NR24;...;Cultures développées;3.12.1.11.2;Autres prairies artificielles;Groupe d'indicateurs;070.02;Rendement matière sèche;76;OUI
SAANR_FOURRAGE_2;2002;FR;METRO;NR24;...;Cultures développées;3.12.1.12;Prairies temporaires;Groupe d'indicateurs;020.08;Production séche (volume);8925492;OUI
SAANR_FOURRAGE_2;2002;FR;METRO;NR24;...;Cultures développées;3.12.1.12;Prairies temporaires;Groupe d'indicateurs;050.07;Superficie concernée;135233;OUI
SAANR_FOURRAGE_2;2002;FR;METRO;NR24;...;Cultures développées;3.12.1.12;Prairies temporaires;Groupe d'indicateurs;070.02;Rendement matière sèche;66;OUI
SAANR_FOURRAGE_2;2002;FR;METRO;NR24;...;Cultures développées;3.12.2;Superficie toujours en herbe (STH);Groupe d'indicateurs;020.08;Production séche (volume);16595942;OUI
SAANR_FOURRAGE_2;2002;FR;METRO;NR24;...;Cultures développées;3.12.2;Superficie toujours en herbe (STH);Groupe d'indicateurs;050.07;Superficie concernée;346422;OUI
SAANR_FOURRAGE_2;2002;FR;METRO;NR24;...;Cultures développées;3.12.2;Superficie toujours en herbe (STH);Groupe d'indicateurs;070.02;Rendement matière sèche;47.9;OUI
SAANR_FOURRAGE_2;2002;FR;METRO;NR24;...;Cultures développées;3.12.2.11;Prairies naturelles ou semées depuis plus de 6 ans;Groupe d'indicateurs;020.08;Production séche (volume);16251417;OUI
SAANR_FOURRAGE_2;2002;FR;METRO;NR24;...;Cultures développées;3.12.2.11;Prairies naturelles ou semées depuis plus de 6 ans;Groupe d'indicateurs;050.07;Superficie concernée;332056;OUI
SAANR_FOURRAGE_2;2002;FR;METRO;NR24;...;Cultures développées;3.12.2.11;Prairies naturelles ou semées depuis plus de 6 ans;Groupe d'indicateurs;070.02;Rendement matière sèche;48.9;OUI
SAANR_FOURRAGE_2;2002;FR;METRO;NR24;...;Cultures développées;3.12.2.12;STH (Superficies toujours en herbe) peu productives (pâturages pauvres);Groupe d'indicateurs;020.08;Production séche (volume);344525;OUI
SAANR_FOURRAGE_2;2002;FR;METRO;NR24;...;Cultures développées;3.12.2.12;STH (Superficies toujours en herbe) peu productives (pâturages pauvres);Groupe d'indicateurs;050.07;Superficie concernée;14366;OUI
SAANR_FOURRAGE_2;2002;FR;METRO;NR24;...;Cultures développées;3.12.2.12;STH (Superficies toujours en herbe) peu productives (pâturages pauvres);Groupe d'indicateurs;070.02;Rendement matière sèche;24;OUI
SAANR_FOURRAGE_2;2002;FR;METRO;NR27;...;Cultures développées;3;Fourrages annuels, prairies non permanentes et STH;Groupe d'indicateurs;020.08;Production séche (volume);73290813;OUI
SAANR_FOURRAGE_2;2002;FR;METRO;NR27;...;Cultures développées;3;Fourrages annuels, prairies non permanentes et STH;Groupe d'indicateurs;050.07;Superficie concernée;1458673;OUI
SAANR_FOURRAGE_2;2002;FR;METRO;NR27;...;Cultures développées;3;Fourrages annuels, prairies non permanentes et STH;Groupe d'indicateurs;070.02;Rendement matière sèche;;OUI
SAANR_FOURRAGE_2;2002;FR;METRO;NR27;...;Cultures développées;3.11;Fourrages annuels;Groupe d'indicateurs;020.08;Production séche (volume);6007009;OUI
SAANR_FOURRAGE_2;2002;FR;METRO;NR27;...;Cultures développées;3.11;Fourrages annuels;Groupe d'indicateurs;050.07;Superficie concernée;51962;OUI
SAANR_FOURRAGE_2;2002;FR;METRO;NR27;...;Cultures développées;3.11;Fourrages annuels;Groupe d'indicateurs;070.02;Rendement matière sèche;;OUI
SAANR_FOURRAGE_2;2002;FR;METRO;NR27;...;Cultures développées;3.11.1;Maïs fourrage et ensilage (plante entière);Groupe d'indicateurs;020.08;Production séche (volume);5904218;OUI
SAANR_FOURRAGE_2;2002;FR;METRO;NR27;...;Cultures développées;3.11.1;Maïs fourrage et ensilage (plante entière);Groupe d'indicateurs;050.07;Superficie concernée;50352;OUI
SAANR_FOURRAGE_2;2002;FR;METRO;NR27;...;Cultures développées;3.11.1;Maïs fourrage et ensilage (plante entière);Groupe d'indicateurs;070.02;Rendement matière sèche;117.3;OUI
SAANR_FOURRAGE_2;2002;FR;METRO;NR27;...;Cultures développées;3.11.1.12;Maïs fourrage et ensilage (plante entière) non irrigué;Groupe d'indicateurs;020.08;Production séche (volume);5904218;OUI
SAANR_FOURRAGE_2;2002;FR;METRO;NR27;...;Cultures développées;3.11.1.12;Maïs fourrage et ensilage (plante entière) non irrigué;Groupe d'indicateurs;050.07;Superficie concernée;50352;OUI
SAANR_FOURRAGE_2;2002;FR;METRO;NR27;...;Cultures développées;3.11.1.12;Maïs fourrage et ensilage (plante entière) non irrigué;Groupe d'indicateurs;070.02;Rendement matière sèche;117.3;OUI
SAANR_FOURRAGE_2;2002;FR;METRO;NR27;...;Cultures développées;3.11.9;Autres fourrages annuels, n.c.a.;Groupe d'indicateurs;020.08;Production séche (volume);102791;OUI
SAANR_FOURRAGE_2;2002;FR;METRO;NR27;...;Cultures développées;3.11.9;Autres fourrages annuels, n.c.a.;Groupe d'indicateurs;050.07;Superficie concernée;1610;OUI
SAANR_FOURRAGE_2;2002;FR;METRO;NR27;...;Cultures développées;3.12;Prairies non permanentes et STH;Groupe d'indicateurs;020.08;Production séche (volume);67283804;OUI
SAANR_FOURRAGE_2;2002;FR;METRO;NR27;...;Cultures développées;3.12;Prairies non permanentes et STH;Groupe d'indicateurs;050.07;Superficie concernée;1406711;OUI
SAANR_FOURRAGE_2;2002;FR;METRO;NR27;...;Cultures développées;3.12;Prairies non permanentes et STH;Groupe d'indicateurs;070.02;Rendement matière sèche;47.8;OUI
SAANR_FOURRAGE_2;2002;FR;METRO;NR27;...;Cultures développées;3.12.1;Prairies non permanentes;Groupe d'indicateurs;020.08;Production séche (volume);11984274;OUI
SAANR_FOURRAGE_2;2002;FR;METRO;NR27;...;Cultures développées;3.12.1;Prairies non permanentes;Groupe d'indicateurs;050.07;Superficie concernée;181141;OUI
SAANR_FOURRAGE_2;2002;FR;METRO;NR27;...;Cultures développées;3.12.1;Prairies non permanentes;Groupe d'indicateurs;070.02;Rendement matière sèche;66.2;OUI
SAANR_FOURRAGE_2;2002;FR;METRO;NR27;...;Cultures développées;3.12.1.11;Prairie artificielle (luzerne, trèfle violet, ...);Groupe d'indicateurs;020.08;Production séche (volume);1394019;OUI
SAANR_FOURRAGE_2;2002;FR;METRO;NR27;...;Cultures développées;3.12.1.11;Prairie artificielle (luzerne, trèfle violet, ...);Groupe d'indicateurs;050.07;Superficie concernée;18383;OUI
SAANR_FOURRAGE_2;2002;FR;METRO;NR27;...;Cultures développées;3.12.1.11;Prairie artificielle (luzerne, trèfle violet, ...);Groupe d'indicateurs;070.02;Rendement matière sèche;75.8;OUI
SAANR_FOURRAGE_2;2002;FR;METRO;NR27;...;Cultures développées;3.12.1.11.1;Luzerne pour déhydratation;Groupe d'indicateurs;050.07;Superficie concernée;0;OUI
SAANR_FOURRAGE_2;2002;FR;METRO;NR27;...;Cultures développées;3.12.1.11.2;Autres prairies artificielles;Groupe d'indicateurs;020.08;Production séche (volume);1394019;OUI
SAANR_FOURRAGE_2;2002;FR;METRO;NR27;...;Cultures développées;3.12.1.11.2;Autres prairies artificielles;Groupe d'indicateurs;050.07;Superficie concernée;18383;OUI
SAANR_FOURRAGE_2;2002;FR;METRO;NR27;...;Cultures développées;3.12.1.11.2;Autres prairies artificielles;Groupe d'indicateurs;070.02;Rendement matière sèche;75.8;OUI
SAANR_FOURRAGE_2;2002;FR;METRO;NR27;...;Cultures développées;3.12.1.12;Prairies temporaires;Groupe d'indicateurs;020.08;Production séche (volume);10590255;OUI
SAANR_FOURRAGE_2;2002;FR;METRO;NR27;...;Cultures développées;3.12.1.12;Prairies temporaires;Groupe d'indicateurs;050.07;Superficie concernée;162758;OUI
SAANR_FOURRAGE_2;2002;FR;METRO;NR27;...;Cultures développées;3.12.1.12;Prairies temporaires;Groupe d'indicateurs;070.02;Rendement matière sèche;65.1;OUI
SAANR_FOURRAGE_2;2002;FR;METRO;NR27;...;Cultures développées;3.12.2;Superficie toujours en herbe (STH);Groupe d'indicateurs;020.08;Production séche (volume);55299530;OUI
SAANR_FOURRAGE_2;2002;FR;METRO;NR27;...;Cultures développées;3.12.2;Superficie toujours en herbe (STH);Groupe d'indicateurs;050.07;Superficie concernée;1225570;OUI
SAANR_FOURRAGE_2;2002;FR;METRO;NR27;...;Cultures développées;3.12.2;Superficie toujours en herbe (STH);Groupe d'indicateurs;070.02;Rendement matière sèche;45.1;OUI
SAANR_FOURRAGE_2;2002;FR;METRO;NR27;...;Cultures développées;3.12.2.11;Prairies naturelles ou semées depuis plus de 6 ans;Groupe d'indicateurs;020.08;Production séche (volume);53399127;OUI
SAANR_FOURRAGE_2;2002;FR;METRO;NR27;...;Cultures développées;3.12.2.11;Prairies naturelles ou semées depuis plus de 6 ans;Groupe d'indicateurs;050.07;Superficie concernée;1154108;OUI
SAANR_FOURRAGE_2;2002;FR;METRO;NR27;...;Cultures développées;3.12.2.11;Prairies naturelles ou semées depuis plus de 6 ans;Groupe d'indicateurs;070.02;Rendement matière sèche;46.3;OUI
SAANR_FOURRAGE_2;2002;FR;METRO;NR27;...;Cultures développées;3.12.2.12;STH (Superficies toujours en herbe) peu productives (pâturages pauvres);Groupe d'indicateurs;020.08;Production séche (volume);1900403;OUI
SAANR_FOURRAGE_2;2002;FR;METRO;NR27;...;Cultures développées;3.12.2.12;STH (Superficies toujours en herbe) peu productives (pâturages pauvres);Groupe d'indicateurs;050.07;Superficie concernée;71462;OUI
SAANR_FOURRAGE_2;2002;FR;METRO;NR27;...;Cultures développées;3.12.2.12;STH (Superficies toujours en herbe) peu productives (pâturages pauvres);Groupe d'indicateurs;070.02;Rendement matière sèche;26.6;OUI
SAANR_FOURRAGE_2;2002;FR;METRO;NR28;...;Cultures développées;3;Fourrages annuels, prairies non permanentes et STH;Groupe d'indicateurs;020.08;Production séche (volume);115404054;OUI
SAANR_FOURRAGE_2;2002;FR;METRO;NR28;...;Cultures développées;3;Fourrages annuels, prairies non permanentes et STH;Groupe d'indicateurs;050.07;Superficie concernée;1289327;OUI
SAANR_FOURRAGE_2;2002;FR;METRO;NR28;...;Cultures développées;3;Fourrages annuels, prairies non permanentes et STH;Groupe d'indicateurs;070.02;Rendement matière sèche;;OUI
SAANR_FOURRAGE_2;2002;FR;METRO;NR28;...;Cultures développées;3.11;Fourrages annuels;Groupe d'indicateurs;020.08;Production séche (volume);33905182;OUI
SAANR_FOURRAGE_2;2002;FR;METRO;NR28;...;Cultures développées;3.11;Fourrages annuels;Groupe d'indicateurs;050.07;Superficie concernée;241972;OUI
SAANR_FOURRAGE_2;2002;FR;METRO;NR28;...;Cultures développées;3.11;Fourrages annuels;Groupe d'indicateurs;070.02;Rendement matière sèche;;OUI
SAANR_FOURRAGE_2;2002;FR;METRO;NR28;...;Cultures développées;3.11.1;Maïs fourrage et ensilage (plante entière);Groupe d'indicateurs;020.08;Production séche (volume);33600472;OUI
SAANR_FOURRAGE_2;2002;FR;METRO;NR28;...;Cultures développées;3.11.1;Maïs fourrage et ensilage (plante entière);Groupe d'indicateurs;050.07;Superficie concernée;238482;OUI
SAANR_FOURRAGE_2;2002;FR;METRO;NR28;...;Cultures développées;3.11.1;Maïs fourrage et ensilage (plante entière);Groupe d'indicateurs;070.02;Rendement matière sèche;140.9;OUI
SAANR_FOURRAGE_2;2002;FR;METRO;NR28;...;Cultures développées;3.11.1.12;Maïs fourrage et ensilage (plante entière) non irrigué;Groupe d'indicateurs;020.08;Production séche (volume);33600472;OUI
SAANR_FOURRAGE_2;2002;FR;METRO;NR28;...;Cultures développées;3.11.1.12;Maïs fourrage et ensilage (plante entière) non irrigué;Groupe d'indicateurs;050.07;Superficie concernée;238482;OUI
SAANR_FOURRAGE_2;2002;FR;METRO;NR28;...;Cultures développées;3.11.1.12;Maïs fourrage et ensilage (plante entière) non irrigué;Groupe d'indicateurs;070.02;Rendement matière sèche;140.9;OUI
SAANR_FOURRAGE_2;2002;FR;METRO;NR28;...;Cultures développées;3.11.9;Autres fourrages annuels, n.c.a.;Groupe d'indicateurs;020.08;Production séche (volume);304710;OUI
SAANR_FOURRAGE_2;2002;FR;METRO;NR28;...;Cultures développées;3.11.9;Autres fourrages annuels, n.c.a.;Groupe d'indicateurs;050.07;Superficie concernée;3490;OUI
SAANR_FOURRAGE_2;2002;FR;METRO;NR28;...;Cultures développées;3.12;Prairies non permanentes et STH;Groupe d'indicateurs;020.08;Production séche (volume);81498872;OUI
SAANR_FOURRAGE_2;2002;FR;METRO;NR28;...;Cultures développées;3.12;Prairies non permanentes et STH;Groupe d'indicateurs;050.07;Superficie concernée;1047355;OUI
SAANR_FOURRAGE_2;2002;FR;METRO;NR28;...;Cultures développées;3.12;Prairies non permanentes et STH;Groupe d'indicateurs;070.02;Rendement matière sèche;77.8;OUI
SAANR_FOURRAGE_2;2002;FR;METRO;NR28;...;Cultures développées;3.12.1;Prairies non permanentes;Groupe d'indicateurs;020.08;Production séche (volume);12208591;OUI
SAANR_FOURRAGE_2;2002;FR;METRO;NR28;...;Cultures développées;3.12.1;Prairies non permanentes;Groupe d'indicateurs;050.07;Superficie concernée;121363;OUI
SAANR_FOURRAGE_2;2002;FR;METRO;NR28;...;Cultures développées;3.12.1;Prairies non permanentes;Groupe d'indicateurs;070.02;Rendement matière sèche;100.6;OUI
SAANR_FOURRAGE_2;2002;FR;METRO;NR28;...;Cultures développées;3.12.1.11;Prairie artificielle (luzerne, trèfle violet, ...);Groupe d'indicateurs;020.08;Production séche (volume);1152180;OUI
SAANR_FOURRAGE_2;2002;FR;METRO;NR28;...;Cultures développées;3.12.1.11;Prairie artificielle (luzerne, trèfle violet, ...);Groupe d'indicateurs;050.07;Superficie concernée;10725;OUI
SAANR_FOURRAGE_2;2002;FR;METRO;NR28;...;Cultures développées;3.12.1.11;Prairie artificielle (luzerne, trèfle violet, ...);Groupe d'indicateurs;070.02;Rendement matière sèche;107.4;OUI
SAANR_FOURRAGE_2;2002;FR;METRO;NR28;...;Cultures développées;3.12.1.11.2;Autres prairies artificielles;Groupe d'indicateurs;020.08;Production séche (volume);1152180;OUI
SAANR_FOURRAGE_2;2002;FR;METRO;NR28;...;Cultures développées;3.12.1.11.2;Autres prairies artificielles;Groupe d'indicateurs;050.07;Superficie concernée;10725;OUI
SAANR_FOURRAGE_2;2002;FR;METRO;NR28;...;Cultures développées;3.12.1.11.2;Autres prairies artificielles;Groupe d'indicateurs;070.02;Rendement matière sèche;107.4;OUI
SAANR_FOURRAGE_2;2002;FR;METRO;NR28;...;Cultures développées;3.12.1.12;Prairies temporaires;Groupe d'indicateurs;020.08;Production séche (volume);11056411;OUI
SAANR_FOURRAGE_2;2002;FR;METRO;NR28;...;Cultures développées;3.12.1.12;Prairies temporaires;Groupe d'indicateurs;050.07;Superficie concernée;110638;OUI
SAANR_FOURRAGE_2;2002;FR;METRO;NR28;...;Cultures développées;3.12.1.12;Prairies temporaires;Groupe d'indicateurs;070.02;Rendement matière sèche;99.9;OUI
SAANR_FOURRAGE_2;2002;FR;METRO;NR28;...;Cultures développées;3.12.2;Superficie toujours en herbe (STH);Groupe d'indicateurs;020.08;Production séche (volume);69290281;OUI
SAANR_FOURRAGE_2;2002;FR;METRO;NR28;...;Cultures développées;3.12.2;Superficie toujours en herbe (STH);Groupe d'indicateurs;050.07;Superficie concernée;925992;OUI
SAANR_FOURRAGE_2;2002;FR;METRO;NR28;...;Cultures développées;3.12.2;Superficie toujours en herbe (STH);Groupe d'indicateurs;070.02;Rendement matière sèche;74.8;OUI
SAANR_FOURRAGE_2;2002;FR;METRO;NR28;...;Cultures développées;3.12.2.11;Prairies naturelles ou semées depuis plus de 6 ans;Groupe d'indicateurs;020.08;Production séche (volume);68793045;OUI
SAANR_FOURRAGE_2;2002;FR;METRO;NR28;...;Cultures développées;3.12.2.11;Prairies naturelles ou semées depuis plus de 6 ans;Groupe d'indicateurs;050.07;Superficie concernée;910149;OUI
SAANR_FOURRAGE_2;2002;FR;METRO;NR28;...;Cultures développées;3.12.2.11;Prairies naturelles ou semées depuis plus de 6 ans;Groupe d'indicateurs;070.02;Rendement matière sèche;75.6;OUI
SAANR_FOURRAGE_2;2002;FR;METRO;NR28;...;Cultures développées;3.12.2.12;STH (Superficies toujours en herbe) peu productives (pâturages pauvres);Groupe d'indicateurs;020.08;Production séche (volume);497236;OUI
SAANR_FOURRAGE_2;2002;FR;METRO;NR28;...;Cultures développées;3.12.2.12;STH (Superficies toujours en herbe) peu productives (pâturages pauvres);Groupe d'indicateurs;050.07;Superficie concernée;15843;OUI
SAANR_FOURRAGE_2;2002;FR;METRO;NR28;...;Cultures développées;3.12.2.12;STH (Superficies toujours en herbe) peu productives (pâturages pauvres);Groupe d'indicateurs;070.02;Rendement matière sèche;31.4;OUI
SAANR_FOURRAGE_2;2002;FR;METRO;NR32;...;Cultures développées;3;Fourrages annuels, prairies non permanentes et STH;Groupe d'indicateurs;020.08;Production séche (volume);45236307;OUI
SAANR_FOURRAGE_2;2002;FR;METRO;NR32;...;Cultures développées;3;Fourrages annuels, prairies non permanentes et STH;Groupe d'indicateurs;050.07;Superficie concernée;519347;OUI
SAANR_FOURRAGE_2;2002;FR;METRO;NR32;...;Cultures développées;3;Fourrages annuels, prairies non permanentes et STH;Groupe d'indicateurs;070.02;Rendement matière sèche;;OUI
SAANR_FOURRAGE_2;2002;FR;METRO;NR32;...;Cultures développées;3.11;Fourrages annuels;Groupe d'indicateurs;020.08;Production séche (volume);17662278;OUI
SAANR_FOURRAGE_2;2002;FR;METRO;NR32;...;Cultures développées;3.11;Fourrages annuels;Groupe d'indicateurs;050.07;Superficie concernée;131989;OUI
SAANR_FOURRAGE_2;2002;FR;METRO;NR32;...;Cultures développées;3.11;Fourrages annuels;Groupe d'indicateurs;070.02;Rendement matière sèche;;OUI
SAANR_FOURRAGE_2;2002;FR;METRO;NR32;...;Cultures développées;3.11.1;Maïs fourrage et ensilage (plante entière);Groupe d'indicateurs;020.08;Production séche (volume);17026726;OUI
SAANR_FOURRAGE_2;2002;FR;METRO;NR32;...;Cultures développées;3.11.1;Maïs fourrage et ensilage (plante entière);Groupe d'indicateurs;050.07;Superficie concernée;119736;OUI
SAANR_FOURRAGE_2;2002;FR;METRO;NR32;...;Cultures développées;3.11.1;Maïs fourrage et ensilage (plante entière);Groupe d'indicateurs;070.02;Rendement matière sèche;142.2;OUI
SAANR_FOURRAGE_2;2002;FR;METRO;NR32;...;Cultures développées;3.11.1.12;Maïs fourrage et ensilage (plante entière) non irrigué;Groupe d'indicateurs;020.08;Production séche (volume);17026726;OUI
SAANR_FOURRAGE_2;2002;FR;METRO;NR32;...;Cultures développées;3.11.1.12;Maïs fourrage et ensilage (plante entière) non irrigué;Groupe d'indicateurs;050.07;Superficie concernée;119736;OUI
SAANR_FOURRAGE_2;2002;FR;METRO;NR32;...;Cultures développées;3.11.1.12;Maïs fourrage et ensilage (plante entière) non irrigué;Groupe d'indicateurs;070.02;Rendement matière sèche;142.2;OUI
SAANR_FOURRAGE_2;2002;FR;METRO;NR32;...;Cultures développées;3.11.9;Autres fourrages annuels, n.c.a.;Groupe d'indicateurs;020.08;Production séche (volume);635552;OUI
SAANR_FOURRAGE_2;2002;FR;METRO;NR32;...;Cultures développées;3.11.9;Autres fourrages annuels, n.c.a.;Groupe d'indicateurs;050.07;Superficie concernée;12253;OUI
SAANR_FOURRAGE_2;2002;FR;METRO;NR32;...;Cultures développées;3.12;Prairies non permanentes et STH;Groupe d'indicateurs;020.08;Production séche (volume);27574029;OUI
SAANR_FOURRAGE_2;2002;FR;METRO;NR32;...;Cultures développées;3.12;Prairies non permanentes et STH;Groupe d'indicateurs;050.07;Superficie concernée;387358;OUI
SAANR_FOURRAGE_2;2002;FR;METRO;NR32;...;Cultures développées;3.12;Prairies non permanentes et STH;Groupe d'indicateurs;070.02;Rendement matière sèche;71.2;OUI
SAANR_FOURRAGE_2;2002;FR;METRO;NR32;...;Cultures développées;3.12.1;Prairies non permanentes;Groupe d'indicateurs;020.08;Production séche (volume);2392892;OUI
SAANR_FOURRAGE_2;2002;FR;METRO;NR32;...;Cultures développées;3.12.1;Prairies non permanentes;Groupe d'indicateurs;050.07;Superficie concernée;24453;OUI
SAANR_FOURRAGE_2;2002;FR;METRO;NR32;...;Cultures développées;3.12.1;Prairies non permanentes;Groupe d'indicateurs;070.02;Rendement matière sèche;97.9;OUI
SAANR_FOURRAGE_2;2002;FR;METRO;NR32;...;Cultures développées;3.12.1.11;Prairie artificielle (luzerne, trèfle violet, ...);Groupe d'indicateurs;020.08;Production séche (volume);777092;OUI
SAANR_FOURRAGE_2;2002;FR;METRO;NR32;...;Cultures développées;3.12.1.11;Prairie artificielle (luzerne, trèfle violet, ...);Groupe d'indicateurs;050.07;Superficie concernée;7324;OUI
SAANR_FOURRAGE_2;2002;FR;METRO;NR32;...;Cultures développées;3.12.1.11;Prairie artificielle (luzerne, trèfle violet, ...);Groupe d'indicateurs;070.02;Rendement matière sèche;106.1;OUI
SAANR_FOURRAGE_2;2002;FR;METRO;NR32;...;Cultures développées;3.12.1.11.2;Autres prairies artificielles;Groupe d'indicateurs;020.08;Production séche (volume);777092;OUI
SAANR_FOURRAGE_2;2002;FR;METRO;NR32;...;Cultures développées;3.12.1.11.2;Autres prairies artificielles;Groupe d'indicateurs;050.07;Superficie concernée;7324;OUI
SAANR_FOURRAGE_2;2002;FR;METRO;NR32;...;Cultures développées;3.12.1.11.2;Autres prairies artificielles;Groupe d'indicateurs;070.02;Rendement matière sèche;106.1;OUI
SAANR_FOURRAGE_2;2002;FR;METRO;NR32;...;Cultures développées;3.12.1.12;Prairies temporaires;Groupe d'indicateurs;020.08;Production séche (volume);1615800;OUI
SAANR_FOURRAGE_2;2002;FR;METRO;NR32;...;Cultures développées;3.12.1.12;Prairies temporaires;Groupe d'indicateurs;050.07;Superficie concernée;17129;OUI
SAANR_FOURRAGE_2;2002;FR;METRO;NR32;...;Cultures développées;3.12.1.12;Prairies temporaires;Groupe d'indicateurs;070.02;Rendement matière sèche;94.3;OUI
SAANR_FOURRAGE_2;2002;FR;METRO;NR32;...;Cultures développées;3.12.2;Superficie toujours en herbe (STH);Groupe d'indicateurs;020.08;Production séche (volume);25181137;OUI
SAANR_FOURRAGE_2;2002;FR;METRO;NR32;...;Cultures développées;3.12.2;Superficie toujours en herbe (STH);Groupe d'indicateurs;050.07;Superficie concernée;362905;OUI
SAANR_FOURRAGE_2;2002;FR;METRO;NR32;...;Cultures développées;3.12.2;Superficie toujours en herbe (STH);Groupe d'indicateurs;070.02;Rendement matière sèche;69.4;OUI
SAANR_FOURRAGE_2;2002;FR;METRO;NR32;...;Cultures développées;3.12.2.11;Prairies naturelles ou semées depuis plus de 6 ans;Groupe d'indicateurs;020.08;Production séche (volume);25052598;OUI
SAANR_FOURRAGE_2;2002;FR;METRO;NR32;...;Cultures développées;3.12.2.11;Prairies naturelles ou semées depuis plus de 6 ans;Groupe d'indicateurs;050.07;Superficie concernée;357405;OUI
SAANR_FOURRAGE_2;2002;FR;METRO;NR32;...;Cultures développées;3.12.2.11;Prairies naturelles ou semées depuis plus de 6 ans;Groupe d'indicateurs;070.02;Rendement matière sèche;70.1;OUI
SAANR_FOURRAGE_2;2002;FR;METRO;NR32;...;Cultures développées;3.12.2.12;STH (Superficies toujours en herbe) peu productives (pâturages pauvres);Groupe d'indicateurs;020.08;Production séche (volume);128539;OUI
SAANR_FOURRAGE_2;2002;FR;METRO;NR32;...;Cultures développées;3.12.2.12;STH (Superficies toujours en herbe) peu productives (pâturages pauvres);Groupe d'indicateurs;050.07;Superficie concernée;5500;OUI
SAANR_FOURRAGE_2;2002;FR;METRO;NR32;...;Cultures développées;3.12.2.12;STH (Superficies toujours en herbe) peu productives (pâturages pauvres);Groupe d'indicateurs;070.02;Rendement matière sèche;23.4;OUI
SAANR_FOURRAGE_2;2002;FR;METRO;NR44;...;Cultures développées;3;Fourrages annuels, prairies non permanentes et STH;Groupe d'indicateurs;020.08;Production séche (volume);81974696;OUI
SAANR_FOURRAGE_2;2002;FR;METRO;NR44;...;Cultures développées;3;Fourrages annuels, prairies non permanentes et STH;Groupe d'indicateurs;050.07;Superficie concernée;1157704;OUI
SAANR_FOURRAGE_2;2002;FR;METRO;NR44;...;Cultures développées;3;Fourrages annuels, prairies non permanentes et STH;Groupe d'indicateurs;070.02;Rendement matière sèche;;OUI
SAANR_FOURRAGE_2;2002;FR;METRO;NR44;...;Cultures développées;3.11;Fourrages annuels;Groupe d'indicateurs;020.08;Production séche (volume);15438776;OUI
SAANR_FOURRAGE_2;2002;FR;METRO;NR44;...;Cultures développées;3.11;Fourrages annuels;Groupe d'indicateurs;050.07;Superficie concernée;127347;OUI
SAANR_FOURRAGE_2;2002;FR;METRO;NR44;...;Cultures développées;3.11;Fourrages annuels;Groupe d'indicateurs;070.02;Rendement matière sèche;;OUI
SAANR_FOURRAGE_2;2002;FR;METRO;NR44;...;Cultures développées;3.11.1;Maïs fourrage et ensilage (plante entière);Groupe d'indicateurs;020.08;Production séche (volume);15150803;OUI
SAANR_FOURRAGE_2;2002;FR;METRO;NR44;...;Cultures développées;3.11.1;Maïs fourrage et ensilage (plante entière);Groupe d'indicateurs;050.07;Superficie concernée;123384;OUI
SAANR_FOURRAGE_2;2002;FR;METRO;NR44;...;Cultures développées;3.11.1;Maïs fourrage et ensilage (plante entière);Groupe d'indicateurs;070.02;Rendement matière sèche;122.8;OUI
SAANR_FOURRAGE_2;2002;FR;METRO;NR44;...;Cultures développées;3.11.1.12;Maïs fourrage et ensilage (plante entière) non irrigué;Groupe d'indicateurs;020.08;Production séche (volume);15150803;OUI
SAANR_FOURRAGE_2;2002;FR;METRO;NR44;...;Cultures développées;3.11.1.12;Maïs fourrage et ensilage (plante entière) non irrigué;Groupe d'indicateurs;050.07;Superficie concernée;123384;OUI
SAANR_FOURRAGE_2;2002;FR;METRO;NR44;...;Cultures développées;3.11.1.12;Maïs fourrage et ensilage (plante entière) non irrigué;Groupe d'indicateurs;070.02;Rendement matière sèche;122.8;OUI
SAANR_FOURRAGE_2;2002;FR;METRO;NR44;...;Cultures développées;3.11.9;Autres fourrages annuels, n.c.a.;Groupe d'indicateurs;020.08;Production séche (volume);287973;OUI
SAANR_FOURRAGE_2;2002;FR;METRO;NR44;...;Cultures développées;3.11.9;Autres fourrages annuels, n.c.a.;Groupe d'indicateurs;050.07;Superficie concernée;3963;OUI
SAANR_FOURRAGE_2;2002;FR;METRO;NR44;...;Cultures développées;3.12;Prairies non permanentes et STH;Groupe d'indicateurs;020.08;Production séche (volume);66535920;OUI
SAANR_FOURRAGE_2;2002;FR;METRO;NR44;...;Cultures développées;3.12;Prairies non permanentes et STH;Groupe d'indicateurs;050.07;Superficie concernée;1030357;OUI
SAANR_FOURRAGE_2;2002;FR;METRO;NR44;...;Cultures développées;3.12;Prairies non permanentes et STH;Groupe d'indicateurs;070.02;Rendement matière sèche;64.6;OUI
SAANR_FOURRAGE_2;2002;FR;METRO;NR44;...;Cultures développées;3.12.1;Prairies non permanentes;Groupe d'indicateurs;020.08;Production séche (volume);13154991;OUI
SAANR_FOURRAGE_2;2002;FR;METRO;NR44;...;Cultures développées;3.12.1;Prairies non permanentes;Groupe d'indicateurs;050.07;Superficie concernée;129132;OUI
SAANR_FOURRAGE_2;2002;FR;METRO;NR44;...;Cultures développées;3.12.1;Prairies non permanentes;Groupe d'indicateurs;070.02;Rendement matière sèche;101.9;OUI
SAANR_FOURRAGE_2;2002;FR;METRO;NR44;...;Cultures développées;3.12.1.11;Prairie artificielle (luzerne, trèfle violet, ...);Groupe d'indicateurs;020.08;Production séche (volume);9470428;OUI
SAANR_FOURRAGE_2;2002;FR;METRO;NR44;...;Cultures développées;3.12.1.11;Prairie artificielle (luzerne, trèfle violet, ...);Groupe d'indicateurs;050.07;Superficie concernée;79998;OUI
SAANR_FOURRAGE_2;2002;FR;METRO;NR44;...;Cultures développées;3.12.1.11;Prairie artificielle (luzerne, trèfle violet, ...);Groupe d'indicateurs;070.02;Rendement matière sèche;118.4;OUI
SAANR_FOURRAGE_2;2002;FR;METRO;NR44;...;Cultures développées;3.12.1.11.2;Autres prairies artificielles;Groupe d'indicateurs;020.08;Production séche (volume);9470428;OUI
SAANR_FOURRAGE_2;2002;FR;METRO;NR44;...;Cultures développées;3.12.1.11.2;Autres prairies artificielles;Groupe d'indicateurs;050.07;Superficie concernée;79998;OUI
SAANR_FOURRAGE_2;2002;FR;METRO;NR44;...;Cultures développées;3.12.1.11.2;Autres prairies artificielles;Groupe d'indicateurs;070.02;Rendement matière sèche;118.4;OUI
SAANR_FOURRAGE_2;2002;FR;METRO;NR44;...;Cultures développées;3.12.1.12;Prairies temporaires;Groupe d'indicateurs;020.08;Production séche (volume);3684563;OUI
SAANR_FOURRAGE_2;2002;FR;METRO;NR44;...;Cultures développées;3.12.1.12;Prairies temporaires;Groupe d'indicateurs;050.07;Superficie concernée;49134;OUI
SAANR_FOURRAGE_2;2002;FR;METRO;NR44;...;Cultures développées;3.12.1.12;Prairies temporaires;Groupe d'indicateurs;070.02;Rendement matière sèche;75;OUI
SAANR_FOURRAGE_2;2002;FR;METRO;NR44;...;Cultures développées;3.12.2;Superficie toujours en herbe (STH);Groupe d'indicateurs;020.08;Production séche (volume);53380929;OUI
SAANR_FOURRAGE_2;2002;FR;METRO;NR44;...;Cultures développées;3.12.2;Superficie toujours en herbe (STH);Groupe d'indicateurs;050.07;Superficie concernée;901225;OUI
SAANR_FOURRAGE_2;2002;FR;METRO;NR44;...;Cultures développées;3.12.2;Superficie toujours en herbe (STH);Groupe d'indicateurs;070.02;Rendement matière sèche;59.2;OUI
SAANR_FOURRAGE_2;2002;FR;METRO;NR44;...;Cultures développées;3.12.2.11;Prairies naturelles ou semées depuis plus de 6 ans;Groupe d'indicateurs;020.08;Production séche (volume);52672583;OUI
SAANR_FOURRAGE_2;2002;FR;METRO;NR44;...;Cultures développées;3.12.2.11;Prairies naturelles ou semées depuis plus de 6 ans;Groupe d'indicateurs;050.07;Superficie concernée;877262;OUI
SAANR_FOURRAGE_2;2002;FR;METRO;NR44;...;Cultures développées;3.12.2.11;Prairies naturelles ou semées depuis plus de 6 ans;Groupe d'indicateurs;070.02;Rendement matière sèche;60;OUI
SAANR_FOURRAGE_2;2002;FR;METRO;NR44;...;Cultures développées;3.12.2.12;STH (Superficies toujours en herbe) peu productives (pâturages pauvres);Groupe d'indicateurs;020.08;Production séche (volume);708346;OUI
SAANR_FOURRAGE_2;2002;FR;METRO;NR44;...;Cultures développées;3.12.2.12;STH (Superficies toujours en herbe) peu productives (pâturages pauvres);Groupe d'indicateurs;050.07;Superficie concernée;23963;OUI
SAANR_FOURRAGE_2;2002;FR;METRO;NR44;...;Cultures développées;3.12.2.12;STH (Superficies toujours en herbe) peu productives (pâturages pauvres);Groupe d'indicateurs;070.02;Rendement matière sèche;29.6;OUI
SAANR_FOURRAGE_2;2002;FR;METRO;NR52;...;Cultures développées;3;Fourrages annuels, prairies non permanentes et STH;Groupe d'indicateurs;020.08;Production séche (volume);117045098;OUI
SAANR_FOURRAGE_2;2002;FR;METRO;NR52;...;Cultures développées;3;Fourrages annuels, prairies non permanentes et STH;Groupe d'indicateurs;050.07;Superficie concernée;1465594;OUI
SAANR_FOURRAGE_2;2002;FR;METRO;NR52;...;Cultures développées;3;Fourrages annuels, prairies non permanentes et STH;Groupe d'indicateurs;070.02;Rendement matière sèche;;OUI
SAANR_FOURRAGE_2;2002;FR;METRO;NR52;...;Cultures développées;3.11;Fourrages annuels;Groupe d'indicateurs;020.08;Production séche (volume);38128800;OUI
SAANR_FOURRAGE_2;2002;FR;METRO;NR52;...;Cultures développées;3.11;Fourrages annuels;Groupe d'indicateurs;050.07;Superficie concernée;359590;OUI
SAANR_FOURRAGE_2;2002;FR;METRO;NR52;...;Cultures développées;3.11;Fourrages annuels;Groupe d'indicateurs;070.02;Rendement matière sèche;;OUI
SAANR_FOURRAGE_2;2002;FR;METRO;NR52;...;Cultures développées;3.11.1;Maïs fourrage et ensilage (plante entière);Groupe d'indicateurs;020.08;Production séche (volume);33551500;OUI
SAANR_FOURRAGE_2;2002;FR;METRO;NR52;...;Cultures développées;3.11.1;Maïs fourrage et ensilage (plante entière);Groupe d'indicateurs;050.07;Superficie concernée;265600;OUI
SAANR_FOURRAGE_2;2002;FR;METRO;NR52;...;Cultures développées;3.11.1;Maïs fourrage et ensilage (plante entière);Groupe d'indicateurs;070.02;Rendement matière sèche;126.3;OUI
SAANR_FOURRAGE_2;2002;FR;METRO;NR52;...;Cultures développées;3.11.1.12;Maïs fourrage et ensilage (plante entière) non irrigué;Groupe d'indicateurs;020.08;Production séche (volume);33551500;OUI
SAANR_FOURRAGE_2;2002;FR;METRO;NR52;...;Cultures développées;3.11.1.12;Maïs fourrage et ensilage (plante entière) non irrigué;Groupe d'indicateurs;050.07;Superficie concernée;265600;OUI
SAANR_FOURRAGE_2;2002;FR;METRO;NR52;...;Cultures développées;3.11.1.12;Maïs fourrage et ensilage (plante entière) non irrigué;Groupe d'indicateurs;070.02;Rendement matière sèche;126.3;OUI
SAANR_FOURRAGE_2;2002;FR;METRO;NR52;...;Cultures développées;3.11.9;Autres fourrages annuels, n.c.a.;Groupe d'indicateurs;020.08;Production séche (volume);4577300;OUI
SAANR_FOURRAGE_2;2002;FR;METRO;NR52;...;Cultures développées;3.11.9;Autres fourrages annuels, n.c.a.;Groupe d'indicateurs;050.07;Superficie concernée;93990;OUI
SAANR_FOURRAGE_2;2002;FR;METRO;NR52;...;Cultures développées;3.12;Prairies non permanentes et STH;Groupe d'indicateurs;020.08;Production séche (volume);78916298;OUI
SAANR_FOURRAGE_2;2002;FR;METRO;NR52;...;Cultures développées;3.12;Prairies non permanentes et STH;Groupe d'indicateurs;050.07;Superficie concernée;1106004;OUI
SAANR_FOURRAGE_2;2002;FR;METRO;NR52;...;Cultures développées;3.12;Prairies non permanentes et STH;Groupe d'indicateurs;070.02;Rendement matière sèche;71.4;OUI
SAANR_FOURRAGE_2;2002;FR;METRO;NR52;...;Cultures développées;3.12.1;Prairies non permanentes;Groupe d'indicateurs;020.08;Production séche (volume);44826467;OUI
SAANR_FOURRAGE_2;2002;FR;METRO;NR52;...;Cultures développées;3.12.1;Prairies non permanentes;Groupe d'indicateurs;050.07;Superficie concernée;510573;OUI
SAANR_FOURRAGE_2;2002;FR;METRO;NR52;...;Cultures développées;3.12.1;Prairies non permanentes;Groupe d'indicateurs;070.02;Rendement matière sèche;87.8;OUI
SAANR_FOURRAGE_2;2002;FR;METRO;NR52;...;Cultures développées;3.12.1.11;Prairie artificielle (luzerne, trèfle violet, ...);Groupe d'indicateurs;020.08;Production séche (volume);1243367;OUI
SAANR_FOURRAGE_2;2002;FR;METRO;NR52;...;Cultures développées;3.12.1.11;Prairie artificielle (luzerne, trèfle violet, ...);Groupe d'indicateurs;050.07;Superficie concernée;10982;OUI
SAANR_FOURRAGE_2;2002;FR;METRO;NR52;...;Cultures développées;3.12.1.11;Prairie artificielle (luzerne, trèfle violet, ...);Groupe d'indicateurs;070.02;Rendement matière sèche;113.2;OUI
SAANR_FOURRAGE_2;2002;FR;METRO;NR52;...;Cultures développées;3.12.1.11.2;Autres prairies artificielles;Groupe d'indicateurs;020.08;Production séche (volume);1243367;OUI
SAANR_FOURRAGE_2;2002;FR;METRO;NR52;...;Cultures développées;3.12.1.11.2;Autres prairies artificielles;Groupe d'indicateurs;050.07;Superficie concernée;10982;OUI
SAANR_FOURRAGE_2;2002;FR;METRO;NR52;...;Cultures développées;3.12.1.11.2;Autres prairies artificielles;Groupe d'indicateurs;070.02;Rendement matière sèche;113.2;OUI
SAANR_FOURRAGE_2;2002;FR;METRO;NR52;...;Cultures développées;3.12.1.12;Prairies temporaires;Groupe d'indicateurs;020.08;Production séche (volume);43583100;OUI
SAANR_FOURRAGE_2;2002;FR;METRO;NR52;...;Cultures développées;3.12.1.12;Prairies temporaires;Groupe d'indicateurs;050.07;Superficie concernée;499591;OUI
SAANR_FOURRAGE_2;2002;FR;METRO;NR52;...;Cultures développées;3.12.1.12;Prairies temporaires;Groupe d'indicateurs;070.02;Rendement matière sèche;87.2;OUI
SAANR_FOURRAGE_2;2002;FR;METRO;NR52;...;Cultures développées;3.12.2;Superficie toujours en herbe (STH);Groupe d'indicateurs;020.08;Production séche (volume);34089831;OUI
SAANR_FOURRAGE_2;2002;FR;METRO;NR52;...;Cultures développées;3.12.2;Superficie toujours en herbe (STH);Groupe d'indicateurs;050.07;Superficie concernée;595431;OUI
SAANR_FOURRAGE_2;2002;FR;METRO;NR52;...;Cultures développées;3.12.2;Superficie toujours en herbe (STH);Groupe d'indicateurs;070.02;Rendement matière sèche;57.3;OUI
SAANR_FOURRAGE_2;2002;FR;METRO;NR52;...;Cultures développées;3.12.2.11;Prairies naturelles ou semées depuis plus de 6 ans;Groupe d'indicateurs;020.08;Production séche (volume);30409603;OUI
SAANR_FOURRAGE_2;2002;FR;METRO;NR52;...;Cultures développées;3.12.2.11;Prairies naturelles ou semées depuis plus de 6 ans;Groupe d'indicateurs;050.07;Superficie concernée;477309;OUI
SAANR_FOURRAGE_2;2002;FR;METRO;NR52;...;Cultures développées;3.12.2.11;Prairies naturelles ou semées depuis plus de 6 ans;Groupe d'indicateurs;070.02;Rendement matière sèche;63.7;OUI
SAANR_FOURRAGE_2;2002;FR;METRO;NR52;...;Cultures développées;3.12.2.12;STH (Superficies toujours en herbe) peu productives (pâturages pauvres);Groupe d'indicateurs;020.08;Production séche (volume);3680228;OUI
SAANR_FOURRAGE_2;2002;FR;METRO;NR52;...;Cultures développées;3.12.2.12;STH (Superficies toujours en herbe) peu productives (pâturages pauvres);Groupe d'indicateurs;050.07;Superficie concernée;118122;OUI
SAANR_FOURRAGE_2;2002;FR;METRO;NR52;...;Cultures développées;3.12.2.12;STH (Superficies toujours en herbe) peu productives (pâturages pauvres);Groupe d'indicateurs;070.02;Rendement matière sèche;31.2;OUI
SAANR_FOURRAGE_2;2002;FR;METRO;NR53;...;Cultures développées;3;Fourrages annuels, prairies non permanentes et STH;Groupe d'indicateurs;020.08;Production séche (volume);95045410;OUI
SAANR_FOURRAGE_2;2002;FR;METRO;NR53;...;Cultures développées;3;Fourrages annuels, prairies non permanentes et STH;Groupe d'indicateurs;050.07;Superficie concernée;1109391;OUI
SAANR_FOURRAGE_2;2002;FR;METRO;NR53;...;Cultures développées;3;Fourrages annuels, prairies non permanentes et STH;Groupe d'indicateurs;070.02;Rendement matière sèche;;OUI
SAANR_FOURRAGE_2;2002;FR;METRO;NR53;...;Cultures développées;3.11;Fourrages annuels;Groupe d'indicateurs;020.08;Production séche (volume);42958519;OUI
SAANR_FOURRAGE_2;2002;FR;METRO;NR53;...;Cultures développées;3.11;Fourrages annuels;Groupe d'indicateurs;050.07;Superficie concernée;420472;OUI
SAANR_FOURRAGE_2;2002;FR;METRO;NR53;...;Cultures développées;3.11;Fourrages annuels;Groupe d'indicateurs;070.02;Rendement matière sèche;;OUI
SAANR_FOURRAGE_2;2002;FR;METRO;NR53;...;Cultures développées;3.11.1;Maïs fourrage et ensilage (plante entière);Groupe d'indicateurs;020.08;Production séche (volume);36485119;OUI
SAANR_FOURRAGE_2;2002;FR;METRO;NR53;...;Cultures développées;3.11.1;Maïs fourrage et ensilage (plante entière);Groupe d'indicateurs;050.07;Superficie concernée;296372;OUI
SAANR_FOURRAGE_2;2002;FR;METRO;NR53;...;Cultures développées;3.11.1;Maïs fourrage et ensilage (plante entière);Groupe d'indicateurs;070.02;Rendement matière sèche;123.1;OUI
SAANR_FOURRAGE_2;2002;FR;METRO;NR53;...;Cultures développées;3.11.1.12;Maïs fourrage et ensilage (plante entière) non irrigué;Groupe d'indicateurs;020.08;Production séche (volume);36485119;OUI
SAANR_FOURRAGE_2;2002;FR;METRO;NR53;...;Cultures développées;3.11.1.12;Maïs fourrage et ensilage (plante entière) non irrigué;Groupe d'indicateurs;050.07;Superficie concernée;296372;OUI
SAANR_FOURRAGE_2;2002;FR;METRO;NR53;...;Cultures développées;3.11.1.12;Maïs fourrage et ensilage (plante entière) non irrigué;Groupe d'indicateurs;070.02;Rendement matière sèche;123.1;OUI
SAANR_FOURRAGE_2;2002;FR;METRO;NR53;...;Cultures développées;3.11.9;Autres fourrages annuels, n.c.a.;Groupe d'indicateurs;020.08;Production séche (volume);6473400;OUI
SAANR_FOURRAGE_2;2002;FR;METRO;NR53;...;Cultures développées;3.11.9;Autres fourrages annuels, n.c.a.;Groupe d'indicateurs;050.07;Superficie concernée;124100;OUI
SAANR_FOURRAGE_2;2002;FR;METRO;NR53;...;Cultures développées;3.12;Prairies non permanentes et STH;Groupe d'indicateurs;020.08;Production séche (volume);52086891;OUI
SAANR_FOURRAGE_2;2002;FR;METRO;NR53;...;Cultures développées;3.12;Prairies non permanentes et STH;Groupe d'indicateurs;050.07;Superficie concernée;688919;OUI
SAANR_FOURRAGE_2;2002;FR;METRO;NR53;...;Cultures développées;3.12;Prairies non permanentes et STH;Groupe d'indicateurs;070.02;Rendement matière sèche;75.6;OUI
SAANR_FOURRAGE_2;2002;FR;METRO;NR53;...;Cultures développées;3.12.1;Prairies non permanentes;Groupe d'indicateurs;020.08;Production séche (volume);41887228;OUI
SAANR_FOURRAGE_2;2002;FR;METRO;NR53;...;Cultures développées;3.12.1;Prairies non permanentes;Groupe d'indicateurs;050.07;Superficie concernée;480574;OUI
SAANR_FOURRAGE_2;2002;FR;METRO;NR53;...;Cultures développées;3.12.1;Prairies non permanentes;Groupe d'indicateurs;070.02;Rendement matière sèche;87.2;OUI
SAANR_FOURRAGE_2;2002;FR;METRO;NR53;...;Cultures développées;3.12.1.11;Prairie artificielle (luzerne, trèfle violet, ...);Groupe d'indicateurs;020.08;Production séche (volume);575547;OUI
SAANR_FOURRAGE_2;2002;FR;METRO;NR53;...;Cultures développées;3.12.1.11;Prairie artificielle (luzerne, trèfle violet, ...);Groupe d'indicateurs;050.07;Superficie concernée;5982;OUI
SAANR_FOURRAGE_2;2002;FR;METRO;NR53;...;Cultures développées;3.12.1.11;Prairie artificielle (luzerne, trèfle violet, ...);Groupe d'indicateurs;070.02;Rendement matière sèche;96.2;OUI
SAANR_FOURRAGE_2;2002;FR;METRO;NR53;...;Cultures développées;3.12.1.11.2;Autres prairies artificielles;Groupe d'indicateurs;020.08;Production séche (volume);575547;OUI
SAANR_FOURRAGE_2;2002;FR;METRO;NR53;...;Cultures développées;3.12.1.11.2;Autres prairies artificielles;Groupe d'indicateurs;050.07;Superficie concernée;5982;OUI
SAANR_FOURRAGE_2;2002;FR;METRO;NR53;...;Cultures développées;3.12.1.11.2;Autres prairies artificielles;Groupe d'indicateurs;070.02;Rendement matière sèche;96.2;OUI
SAANR_FOURRAGE_2;2002;FR;METRO;NR53;...;Cultures développées;3.12.1.12;Prairies temporaires;Groupe d'indicateurs;020.08;Production séche (volume);41311681;OUI
SAANR_FOURRAGE_2;2002;FR;METRO;NR53;...;Cultures développées;3.12.1.12;Prairies temporaires;Groupe d'indicateurs;050.07;Superficie concernée;474592;OUI
SAANR_FOURRAGE_2;2002;FR;METRO;NR53;...;Cultures développées;3.12.1.12;Prairies temporaires;Groupe d'indicateurs;070.02;Rendement matière sèche;87;OUI
SAANR_FOURRAGE_2;2002;FR;METRO;NR53;...;Cultures développées;3.12.2;Superficie toujours en herbe (STH);Groupe d'indicateurs;020.08;Production séche (volume);10199663;OUI
SAANR_FOURRAGE_2;2002;FR;METRO;NR53;...;Cultures développées;3.12.2;Superficie toujours en herbe (STH);Groupe d'indicateurs;050.07;Superficie concernée;208345;OUI
SAANR_FOURRAGE_2;2002;FR;METRO;NR53;...;Cultures développées;3.12.2;Superficie toujours en herbe (STH);Groupe d'indicateurs;070.02;Rendement matière sèche;49;OUI
SAANR_FOURRAGE_2;2002;FR;METRO;NR53;...;Cultures développées;3.12.2.11;Prairies naturelles ou semées depuis plus de 6 ans;Groupe d'indicateurs;020.08;Production séche (volume);9779774;OUI
SAANR_FOURRAGE_2;2002;FR;METRO;NR53;...;Cultures développées;3.12.2.11;Prairies naturelles ou semées depuis plus de 6 ans;Groupe d'indicateurs;050.07;Superficie concernée;186553;OUI
SAANR_FOURRAGE_2;2002;FR;METRO;NR53;...;Cultures développées;3.12.2.11;Prairies naturelles ou semées depuis plus de 6 ans;Groupe d'indicateurs;070.02;Rendement matière sèche;52.4;OUI
SAANR_FOURRAGE_2;2002;FR;METRO;NR53;...;Cultures développées;3.12.2.12;STH (Superficies toujours en herbe) peu productives (pâturages pauvres);Groupe d'indicateurs;020.08;Production séche (volume);419889;OUI
SAANR_FOURRAGE_2;2002;FR;METRO;NR53;...;Cultures développées;3.12.2.12;STH (Superficies toujours en herbe) peu productives (pâturages pauvres);Groupe d'indicateurs;050.07;Superficie concernée;21792;OUI
SAANR_FOURRAGE_2;2002;FR;METRO;NR53;...;Cultures développées;3.12.2.12;STH (Superficies toujours en herbe) peu productives (pâturages pauvres);Groupe d'indicateurs;070.02;Rendement matière sèche;19.3;OUI
SAANR_FOURRAGE_2;2002;FR;METRO;NR75;...;Cultures développées;3;Fourrages annuels, prairies non permanentes et STH;Groupe d'indicateurs;020.08;Production séche (volume);135672138;OUI
SAANR_FOURRAGE_2;2002;FR;METRO;NR75;...;Cultures développées;3;Fourrages annuels, prairies non permanentes et STH;Groupe d'indicateurs;050.07;Superficie concernée;2109675;OUI
SAANR_FOURRAGE_2;2002;FR;METRO;NR75;...;Cultures développées;3;Fourrages annuels, prairies non permanentes et STH;Groupe d'indicateurs;070.02;Rendement matière sèche;;OUI
SAANR_FOURRAGE_2;2002;FR;METRO;NR75;...;Cultures développées;3.11;Fourrages annuels;Groupe d'indicateurs;020.08;Production séche (volume);21112182;OUI
SAANR_FOURRAGE_2;2002;FR;METRO;NR75;...;Cultures développées;3.11;Fourrages annuels;Groupe d'indicateurs;050.07;Superficie concernée;175528;OUI
SAANR_FOURRAGE_2;2002;FR;METRO;NR75;...;Cultures développées;3.11;Fourrages annuels;Groupe d'indicateurs;070.02;Rendement matière sèche;;OUI
SAANR_FOURRAGE_2;2002;FR;METRO;NR75;...;Cultures développées;3.11.1;Maïs fourrage et ensilage (plante entière);Groupe d'indicateurs;020.08;Production séche (volume);19421025;OUI
SAANR_FOURRAGE_2;2002;FR;METRO;NR75;...;Cultures développées;3.11.1;Maïs fourrage et ensilage (plante entière);Groupe d'indicateurs;050.07;Superficie concernée;147151;OUI
SAANR_FOURRAGE_2;2002;FR;METRO;NR75;...;Cultures développées;3.11.1;Maïs fourrage et ensilage (plante entière);Groupe d'indicateurs;070.02;Rendement matière sèche;132;OUI
SAANR_FOURRAGE_2;2002;FR;METRO;NR75;...;Cultures développées;3.11.1.12;Maïs fourrage et ensilage (plante entière) non irrigué;Groupe d'indicateurs;020.08;Production séche (volume);19421025;OUI
SAANR_FOURRAGE_2;2002;FR;METRO;NR75;...;Cultures développées;3.11.1.12;Maïs fourrage et ensilage (plante entière) non irrigué;Groupe d'indicateurs;050.07;Superficie concernée;147151;OUI
SAANR_FOURRAGE_2;2002;FR;METRO;NR75;...;Cultures développées;3.11.1.12;Maïs fourrage et ensilage (plante entière) non irrigué;Groupe d'indicateurs;070.02;Rendement matière sèche;132;OUI
SAANR_FOURRAGE_2;2002;FR;METRO;NR75;...;Cultures développées;3.11.9;Autres fourrages annuels, n.c.a.;Groupe d'indicateurs;020.08;Production séche (volume);1691157;OUI
SAANR_FOURRAGE_2;2002;FR;METRO;NR75;...;Cultures développées;3.11.9;Autres fourrages annuels, n.c.a.;Groupe d'indicateurs;050.07;Superficie concernée;28377;OUI
SAANR_FOURRAGE_2;2002;FR;METRO;NR75;...;Cultures développées;3.12;Prairies non permanentes et STH;Groupe d'indicateurs;020.08;Production séche (volume);114559956;OUI
SAANR_FOURRAGE_2;2002;FR;METRO;NR75;...;Cultures développées;3.12;Prairies non permanentes et STH;Groupe d'indicateurs;050.07;Superficie concernée;1934147;OUI
SAANR_FOURRAGE_2;2002;FR;METRO;NR75;...;Cultures développées;3.12;Prairies non permanentes et STH;Groupe d'indicateurs;070.02;Rendement matière sèche;59.2;OUI
SAANR_FOURRAGE_2;2002;FR;METRO;NR75;...;Cultures développées;3.12.1;Prairies non permanentes;Groupe d'indicateurs;020.08;Production séche (volume);45493712;OUI
SAANR_FOURRAGE_2;2002;FR;METRO;NR75;...;Cultures développées;3.12.1;Prairies non permanentes;Groupe d'indicateurs;050.07;Superficie concernée;574677;OUI
SAANR_FOURRAGE_2;2002;FR;METRO;NR75;...;Cultures développées;3.12.1;Prairies non permanentes;Groupe d'indicateurs;070.02;Rendement matière sèche;79.2;OUI
SAANR_FOURRAGE_2;2002;FR;METRO;NR75;...;Cultures développées;3.12.1.11;Prairie artificielle (luzerne, trèfle violet, ...);Groupe d'indicateurs;020.08;Production séche (volume);5157384;OUI
SAANR_FOURRAGE_2;2002;FR;METRO;NR75;...;Cultures développées;3.12.1.11;Prairie artificielle (luzerne, trèfle violet, ...);Groupe d'indicateurs;050.07;Superficie concernée;54701;OUI
SAANR_FOURRAGE_2;2002;FR;METRO;NR75;...;Cultures développées;3.12.1.11;Prairie artificielle (luzerne, trèfle violet, ...);Groupe d'indicateurs;070.02;Rendement matière sèche;94.3;OUI
SAANR_FOURRAGE_2;2002;FR;METRO;NR75;...;Cultures développées;3.12.1.11.2;Autres prairies artificielles;Groupe d'indicateurs;020.08;Production séche (volume);5157384;OUI
SAANR_FOURRAGE_2;2002;FR;METRO;NR75;...;Cultures développées;3.12.1.11.2;Autres prairies artificielles;Groupe d'indicateurs;050.07;Superficie concernée;54701;OUI
SAANR_FOURRAGE_2;2002;FR;METRO;NR75;...;Cultures développées;3.12.1.11.2;Autres prairies artificielles;Groupe d'indicateurs;070.02;Rendement matière sèche;94.3;OUI
SAANR_FOURRAGE_2;2002;FR;METRO;NR75;...;Cultures développées;3.12.1.12;Prairies temporaires;Groupe d'indicateurs;020.08;Production séche (volume);40336328;OUI
SAANR_FOURRAGE_2;2002;FR;METRO;NR75;...;Cultures développées;3.12.1.12;Prairies temporaires;Groupe d'indicateurs;050.07;Superficie concernée;519976;OUI
SAANR_FOURRAGE_2;2002;FR;METRO;NR75;...;Cultures développées;3.12.1.12;Prairies temporaires;Groupe d'indicateurs;070.02;Rendement matière sèche;77.6;OUI
SAANR_FOURRAGE_2;2002;FR;METRO;NR75;...;Cultures développées;3.12.2;Superficie toujours en herbe (STH);Groupe d'indicateurs;020.08;Production séche (volume);69066244;OUI
SAANR_FOURRAGE_2;2002;FR;METRO;NR75;...;Cultures développées;3.12.2;Superficie toujours en herbe (STH);Groupe d'indicateurs;050.07;Superficie concernée;1359470;OUI
SAANR_FOURRAGE_2;2002;FR;METRO;NR75;...;Cultures développées;3.12.2;Superficie toujours en herbe (STH);Groupe d'indicateurs;070.02;Rendement matière sèche;50.8;OUI
SAANR_FOURRAGE_2;2002;FR;METRO;NR75;...;Cultures développées;3.12.2.11;Prairies naturelles ou semées depuis plus de 6 ans;Groupe d'indicateurs;020.08;Production séche (volume);61644120;OUI
SAANR_FOURRAGE_2;2002;FR;METRO;NR75;...;Cultures développées;3.12.2.11;Prairies naturelles ou semées depuis plus de 6 ans;Groupe d'indicateurs;050.07;Superficie concernée;1116098;OUI
SAANR_FOURRAGE_2;2002;FR;METRO;NR75;...;Cultures développées;3.12.2.11;Prairies naturelles ou semées depuis plus de 6 ans;Groupe d'indicateurs;070.02;Rendement matière sèche;55.2;OUI
SAANR_FOURRAGE_2;2002;FR;METRO;NR75;...;Cultures développées;3.12.2.12;STH (Superficies toujours en herbe) peu productives (pâturages pauvres);Groupe d'indicateurs;020.08;Production séche (volume);7422124;OUI
SAANR_FOURRAGE_2;2002;FR;METRO;NR75;...;Cultures développées;3.12.2.12;STH (Superficies toujours en herbe) peu productives (pâturages pauvres);Groupe d'indicateurs;050.07;Superficie concernée;243372;OUI
SAANR_FOURRAGE_2;2002;FR;METRO;NR75;...;Cultures développées;3.12.2.12;STH (Superficies toujours en herbe) peu productives (pâturages pauvres);Groupe d'indicateurs;070.02;Rendement matière sèche;30.5;OUI
SAANR_FOURRAGE_2;2002;FR;METRO;NR76;...;Cultures développées;3;Fourrages annuels, prairies non permanentes et STH;Groupe d'indicateurs;020.08;Production séche (volume);71293039;OUI
SAANR_FOURRAGE_2;2002;FR;METRO;NR76;...;Cultures développées;3;Fourrages annuels, prairies non permanentes et STH;Groupe d'indicateurs;050.07;Superficie concernée;1922081;OUI
SAANR_FOURRAGE_2;2002;FR;METRO;NR76;...;Cultures développées;3;Fourrages annuels, prairies non permanentes et STH;Groupe d'indicateurs;070.02;Rendement matière sèche;;OUI
SAANR_FOURRAGE_2;2002;FR;METRO;NR76;...;Cultures développées;3.11;Fourrages annuels;Groupe d'indicateurs;020.08;Production séche (volume);7063315;OUI
SAANR_FOURRAGE_2;2002;FR;METRO;NR76;...;Cultures développées;3.11;Fourrages annuels;Groupe d'indicateurs;050.07;Superficie concernée;65796;OUI
SAANR_FOURRAGE_2;2002;FR;METRO;NR76;...;Cultures développées;3.11;Fourrages annuels;Groupe d'indicateurs;070.02;Rendement matière sèche;;OUI
SAANR_FOURRAGE_2;2002;FR;METRO;NR76;...;Cultures développées;3.11.1;Maïs fourrage et ensilage (plante entière);Groupe d'indicateurs;020.08;Production séche (volume);6209002;OUI
SAANR_FOURRAGE_2;2002;FR;METRO;NR76;...;Cultures développées;3.11.1;Maïs fourrage et ensilage (plante entière);Groupe d'indicateurs;050.07;Superficie concernée;51896;OUI
SAANR_FOURRAGE_2;2002;FR;METRO;NR76;...;Cultures développées;3.11.1;Maïs fourrage et ensilage (plante entière);Groupe d'indicateurs;070.02;Rendement matière sèche;119.6;OUI
SAANR_FOURRAGE_2;2002;FR;METRO;NR76;...;Cultures développées;3.11.1.12;Maïs fourrage et ensilage (plante entière) non irrigué;Groupe d'indicateurs;020.08;Production séche (volume);6209002;OUI
SAANR_FOURRAGE_2;2002;FR;METRO;NR76;...;Cultures développées;3.11.1.12;Maïs fourrage et ensilage (plante entière) non irrigué;Groupe d'indicateurs;050.07;Superficie concernée;51896;OUI
SAANR_FOURRAGE_2;2002;FR;METRO;NR76;...;Cultures développées;3.11.1.12;Maïs fourrage et ensilage (plante entière) non irrigué;Groupe d'indicateurs;070.02;Rendement matière sèche;119.6;OUI
SAANR_FOURRAGE_2;2002;FR;METRO;NR76;...;Cultures développées;3.11.9;Autres fourrages annuels, n.c.a.;Groupe d'indicateurs;020.08;Production séche (volume);854313;OUI
SAANR_FOURRAGE_2;2002;FR;METRO;NR76;...;Cultures développées;3.11.9;Autres fourrages annuels, n.c.a.;Groupe d'indicateurs;050.07;Superficie concernée;13900;OUI
SAANR_FOURRAGE_2;2002;FR;METRO;NR76;...;Cultures développées;3.12;Prairies non permanentes et STH;Groupe d'indicateurs;020.08;Production séche (volume);64229724;OUI
SAANR_FOURRAGE_2;2002;FR;METRO;NR76;...;Cultures développées;3.12;Prairies non permanentes et STH;Groupe d'indicateurs;050.07;Superficie concernée;1856285;OUI
SAANR_FOURRAGE_2;2002;FR;METRO;NR76;...;Cultures développées;3.12;Prairies non permanentes et STH;Groupe d'indicateurs;070.02;Rendement matière sèche;34.6;OUI
SAANR_FOURRAGE_2;2002;FR;METRO;NR76;...;Cultures développées;3.12.1;Prairies non permanentes;Groupe d'indicateurs;020.08;Production séche (volume);31552642;OUI
SAANR_FOURRAGE_2;2002;FR;METRO;NR76;...;Cultures développées;3.12.1;Prairies non permanentes;Groupe d'indicateurs;050.07;Superficie concernée;494595;OUI
SAANR_FOURRAGE_2;2002;FR;METRO;NR76;...;Cultures développées;3.12.1;Prairies non permanentes;Groupe d'indicateurs;070.02;Rendement matière sèche;63.8;OUI
SAANR_FOURRAGE_2;2002;FR;METRO;NR76;...;Cultures développées;3.12.1.11;Prairie artificielle (luzerne, trèfle violet, ...);Groupe d'indicateurs;020.08;Production séche (volume);5899879;OUI
SAANR_FOURRAGE_2;2002;FR;METRO;NR76;...;Cultures développées;3.12.1.11;Prairie artificielle (luzerne, trèfle violet, ...);Groupe d'indicateurs;050.07;Superficie concernée;88005;OUI
SAANR_FOURRAGE_2;2002;FR;METRO;NR76;...;Cultures développées;3.12.1.11;Prairie artificielle (luzerne, trèfle violet, ...);Groupe d'indicateurs;070.02;Rendement matière sèche;67;OUI
SAANR_FOURRAGE_2;2002;FR;METRO;NR76;...;Cultures développées;3.12.1.11.2;Autres prairies artificielles;Groupe d'indicateurs;020.08;Production séche (volume);5899879;OUI
SAANR_FOURRAGE_2;2002;FR;METRO;NR76;...;Cultures développées;3.12.1.11.2;Autres prairies artificielles;Groupe d'indicateurs;050.07;Superficie concernée;88005;OUI
SAANR_FOURRAGE_2;2002;FR;METRO;NR76;...;Cultures développées;3.12.1.11.2;Autres prairies artificielles;Groupe d'indicateurs;070.02;Rendement matière sèche;67;OUI
SAANR_FOURRAGE_2;2002;FR;METRO;NR76;...;Cultures développées;3.12.1.12;Prairies temporaires;Groupe d'indicateurs;020.08;Production séche (volume);25652763;OUI
SAANR_FOURRAGE_2;2002;FR;METRO;NR76;...;Cultures développées;3.12.1.12;Prairies temporaires;Groupe d'indicateurs;050.07;Superficie concernée;406590;OUI
SAANR_FOURRAGE_2;2002;FR;METRO;NR76;...;Cultures développées;3.12.1.12;Prairies temporaires;Groupe d'indicateurs;070.02;Rendement matière sèche;63.1;OUI
SAANR_FOURRAGE_2;2002;FR;METRO;NR76;...;Cultures développées;3.12.2;Superficie toujours en herbe (STH);Groupe d'indicateurs;020.08;Production séche (volume);32677082;OUI
SAANR_FOURRAGE_2;2002;FR;METRO;NR76;...;Cultures développées;3.12.2;Superficie toujours en herbe (STH);Groupe d'indicateurs;050.07;Superficie concernée;1361690;OUI
SAANR_FOURRAGE_2;2002;FR;METRO;NR76;...;Cultures développées;3.12.2;Superficie toujours en herbe (STH);Groupe d'indicateurs;070.02;Rendement matière sèche;24;OUI
SAANR_FOURRAGE_2;2002;FR;METRO;NR76;...;Cultures développées;3.12.2.11;Prairies naturelles ou semées depuis plus de 6 ans;Groupe d'indicateurs;020.08;Production séche (volume);23918520;OUI
SAANR_FOURRAGE_2;2002;FR;METRO;NR76;...;Cultures développées;3.12.2.11;Prairies naturelles ou semées depuis plus de 6 ans;Groupe d'indicateurs;050.07;Superficie concernée;609950;OUI
SAANR_FOURRAGE_2;2002;FR;METRO;NR76;...;Cultures développées;3.12.2.11;Prairies naturelles ou semées depuis plus de 6 ans;Groupe d'indicateurs;070.02;Rendement matière sèche;39.2;OUI
SAANR_FOURRAGE_2;2002;FR;METRO;NR76;...;Cultures développées;3.12.2.12;STH (Superficies toujours en herbe) peu productives (pâturages pauvres);Groupe d'indicateurs;020.08;Production séche (volume);8758562;OUI
SAANR_FOURRAGE_2;2002;FR;METRO;NR76;...;Cultures développées;3.12.2.12;STH (Superficies toujours en herbe) peu productives (pâturages pauvres);Groupe d'indicateurs;050.07;Superficie concernée;751740;OUI
SAANR_FOURRAGE_2;2002;FR;METRO;NR76;...;Cultures développées;3.12.2.12;STH (Superficies toujours en herbe) peu productives (pâturages pauvres);Groupe d'indicateurs;070.02;Rendement matière sèche;11.7;OUI
SAANR_FOURRAGE_2;2002;FR;METRO;NR84;...;Cultures développées;3;Fourrages annuels, prairies non permanentes et STH;Groupe d'indicateurs;020.08;Production séche (volume);108214174;OUI
SAANR_FOURRAGE_2;2002;FR;METRO;NR84;...;Cultures développées;3;Fourrages annuels, prairies non permanentes et STH;Groupe d'indicateurs;050.07;Superficie concernée;2299305;OUI
SAANR_FOURRAGE_2;2002;FR;METRO;NR84;...;Cultures développées;3;Fourrages annuels, prairies non permanentes et STH;Groupe d'indicateurs;070.02;Rendement matière sèche;;OUI
SAANR_FOURRAGE_2;2002;FR;METRO;NR84;...;Cultures développées;3.11;Fourrages annuels;Groupe d'indicateurs;020.08;Production séche (volume);9536123;OUI
SAANR_FOURRAGE_2;2002;FR;METRO;NR84;...;Cultures développées;3.11;Fourrages annuels;Groupe d'indicateurs;050.07;Superficie concernée;83540;OUI
SAANR_FOURRAGE_2;2002;FR;METRO;NR84;...;Cultures développées;3.11;Fourrages annuels;Groupe d'indicateurs;070.02;Rendement matière sèche;;OUI
SAANR_FOURRAGE_2;2002;FR;METRO;NR84;...;Cultures développées;3.11.1;Maïs fourrage et ensilage (plante entière);Groupe d'indicateurs;020.08;Production séche (volume);9254200;OUI
SAANR_FOURRAGE_2;2002;FR;METRO;NR84;...;Cultures développées;3.11.1;Maïs fourrage et ensilage (plante entière);Groupe d'indicateurs;050.07;Superficie concernée;78092;OUI
SAANR_FOURRAGE_2;2002;FR;METRO;NR84;...;Cultures développées;3.11.1;Maïs fourrage et ensilage (plante entière);Groupe d'indicateurs;070.02;Rendement matière sèche;118.5;OUI
SAANR_FOURRAGE_2;2002;FR;METRO;NR84;...;Cultures développées;3.11.1.12;Maïs fourrage et ensilage (plante entière) non irrigué;Groupe d'indicateurs;020.08;Production séche (volume);9254200;OUI
SAANR_FOURRAGE_2;2002;FR;METRO;NR84;...;Cultures développées;3.11.1.12;Maïs fourrage et ensilage (plante entière) non irrigué;Groupe d'indicateurs;050.07;Superficie concernée;78092;OUI
SAANR_FOURRAGE_2;2002;FR;METRO;NR84;...;Cultures développées;3.11.1.12;Maïs fourrage et ensilage (plante entière) non irrigué;Groupe d'indicateurs;070.02;Rendement matière sèche;118.5;OUI
SAANR_FOURRAGE_2;2002;FR;METRO;NR84;...;Cultures développées;3.11.9;Autres fourrages annuels, n.c.a.;Groupe d'indicateurs;020.08;Production séche (volume);281923;OUI
SAANR_FOURRAGE_2;2002;FR;METRO;NR84;...;Cultures développées;3.11.9;Autres fourrages annuels, n.c.a.;Groupe d'indicateurs;050.07;Superficie concernée;5448;OUI
SAANR_FOURRAGE_2;2002;FR;METRO;NR84;...;Cultures développées;3.12;Prairies non permanentes et STH;Groupe d'indicateurs;020.08;Production séche (volume);98678051;OUI
SAANR_FOURRAGE_2;2002;FR;METRO;NR84;...;Cultures développées;3.12;Prairies non permanentes et STH;Groupe d'indicateurs;050.07;Superficie concernée;2215765;OUI
SAANR_FOURRAGE_2;2002;FR;METRO;NR84;...;Cultures développées;3.12;Prairies non permanentes et STH;Groupe d'indicateurs;070.02;Rendement matière sèche;44.5;OUI
SAANR_FOURRAGE_2;2002;FR;METRO;NR84;...;Cultures développées;3.12.1;Prairies non permanentes;Groupe d'indicateurs;020.08;Production séche (volume);25615644;OUI
SAANR_FOURRAGE_2;2002;FR;METRO;NR84;...;Cultures développées;3.12.1;Prairies non permanentes;Groupe d'indicateurs;050.07;Superficie concernée;372819;OUI
SAANR_FOURRAGE_2;2002;FR;METRO;NR84;...;Cultures développées;3.12.1;Prairies non permanentes;Groupe d'indicateurs;070.02;Rendement matière sèche;68.7;OUI
SAANR_FOURRAGE_2;2002;FR;METRO;NR84;...;Cultures développées;3.12.1.11;Prairie artificielle (luzerne, trèfle violet, ...);Groupe d'indicateurs;020.08;Production séche (volume);3910137;OUI
SAANR_FOURRAGE_2;2002;FR;METRO;NR84;...;Cultures développées;3.12.1.11;Prairie artificielle (luzerne, trèfle violet, ...);Groupe d'indicateurs;050.07;Superficie concernée;44042;OUI
SAANR_FOURRAGE_2;2002;FR;METRO;NR84;...;Cultures développées;3.12.1.11;Prairie artificielle (luzerne, trèfle violet, ...);Groupe d'indicateurs;070.02;Rendement matière sèche;88.8;OUI
SAANR_FOURRAGE_2;2002;FR;METRO;NR84;...;Cultures développées;3.12.1.11.2;Autres prairies artificielles;Groupe d'indicateurs;020.08;Production séche (volume);3910137;OUI
SAANR_FOURRAGE_2;2002;FR;METRO;NR84;...;Cultures développées;3.12.1.11.2;Autres prairies artificielles;Groupe d'indicateurs;050.07;Superficie concernée;44042;OUI
SAANR_FOURRAGE_2;2002;FR;METRO;NR84;...;Cultures développées;3.12.1.11.2;Autres prairies artificielles;Groupe d'indicateurs;070.02;Rendement matière sèche;88.8;OUI
SAANR_FOURRAGE_2;2002;FR;METRO;NR84;...;Cultures développées;3.12.1.12;Prairies temporaires;Groupe d'indicateurs;020.08;Production séche (volume);21705507;OUI
SAANR_FOURRAGE_2;2002;FR;METRO;NR84;...;Cultures développées;3.12.1.12;Prairies temporaires;Groupe d'indicateurs;050.07;Superficie concernée;328777;OUI
SAANR_FOURRAGE_2;2002;FR;METRO;NR84;...;Cultures développées;3.12.1.12;Prairies temporaires;Groupe d'indicateurs;070.02;Rendement matière sèche;66;OUI
SAANR_FOURRAGE_2;2002;FR;METRO;NR84;...;Cultures développées;3.12.2;Superficie toujours en herbe (STH);Groupe d'indicateurs;020.08;Production séche (volume);73062407;OUI
SAANR_FOURRAGE_2;2002;FR;METRO;NR84;...;Cultures développées;3.12.2;Superficie toujours en herbe (STH);Groupe d'indicateurs;050.07;Superficie concernée;1842946;OUI
SAANR_FOURRAGE_2;2002;FR;METRO;NR84;...;Cultures développées;3.12.2;Superficie toujours en herbe (STH);Groupe d'indicateurs;070.02;Rendement matière sèche;39.6;OUI
SAANR_FOURRAGE_2;2002;FR;METRO;NR84;...;Cultures développées;3.12.2.11;Prairies naturelles ou semées depuis plus de 6 ans;Groupe d'indicateurs;020.08;Production séche (volume);66130015;OUI
SAANR_FOURRAGE_2;2002;FR;METRO;NR84;...;Cultures développées;3.12.2.11;Prairies naturelles ou semées depuis plus de 6 ans;Groupe d'indicateurs;050.07;Superficie concernée;1440632;OUI
SAANR_FOURRAGE_2;2002;FR;METRO;NR84;...;Cultures développées;3.12.2.11;Prairies naturelles ou semées depuis plus de 6 ans;Groupe d'indicateurs;070.02;Rendement matière sèche;45.9;OUI
SAANR_FOURRAGE_2;2002;FR;METRO;NR84;...;Cultures développées;3.12.2.12;STH (Superficies toujours en herbe) peu productives (pâturages pauvres);Groupe d'indicateurs;020.08;Production séche (volume);6932392;OUI
SAANR_FOURRAGE_2;2002;FR;METRO;NR84;...;Cultures développées;3.12.2.12;STH (Superficies toujours en herbe) peu productives (pâturages pauvres);Groupe d'indicateurs;050.07;Superficie concernée;402314;OUI
SAANR_FOURRAGE_2;2002;FR;METRO;NR84;...;Cultures développées;3.12.2.12;STH (Superficies toujours en herbe) peu productives (pâturages pauvres);Groupe d'indicateurs;070.02;Rendement matière sèche;17.2;OUI
SAANR_FOURRAGE_2;2002;FR;METRO;NR93;...;Cultures développées;3;Fourrages annuels, prairies non permanentes et STH;Groupe d'indicateurs;020.08;Production séche (volume);7650617;OUI
SAANR_FOURRAGE_2;2002;FR;METRO;NR93;...;Cultures développées;3;Fourrages annuels, prairies non permanentes et STH;Groupe d'indicateurs;050.07;Superficie concernée;568630;OUI
SAANR_FOURRAGE_2;2002;FR;METRO;NR93;...;Cultures développées;3;Fourrages annuels, prairies non permanentes et STH;Groupe d'indicateurs;070.02;Rendement matière sèche;;OUI
SAANR_FOURRAGE_2;2002;FR;METRO;NR93;...;Cultures développées;3.11;Fourrages annuels;Groupe d'indicateurs;020.08;Production séche (volume);164045;OUI
SAANR_FOURRAGE_2;2002;FR;METRO;NR93;...;Cultures développées;3.11;Fourrages annuels;Groupe d'indicateurs;050.07;Superficie concernée;2301;OUI
SAANR_FOURRAGE_2;2002;FR;METRO;NR93;...;Cultures développées;3.11;Fourrages annuels;Groupe d'indicateurs;070.02;Rendement matière sèche;;OUI
SAANR_FOURRAGE_2;2002;FR;METRO;NR93;...;Cultures développées;3.11.1;Maïs fourrage et ensilage (plante entière);Groupe d'indicateurs;020.08;Production séche (volume);42460;OUI
SAANR_FOURRAGE_2;2002;FR;METRO;NR93;...;Cultures développées;3.11.1;Maïs fourrage et ensilage (plante entière);Groupe d'indicateurs;050.07;Superficie concernée;336;OUI
SAANR_FOURRAGE_2;2002;FR;METRO;NR93;...;Cultures développées;3.11.1;Maïs fourrage et ensilage (plante entière);Groupe d'indicateurs;070.02;Rendement matière sèche;126.4;OUI
SAANR_FOURRAGE_2;2002;FR;METRO;NR93;...;Cultures développées;3.11.1.12;Maïs fourrage et ensilage (plante entière) non irrigué;Groupe d'indicateurs;020.08;Production séche (volume);42460;OUI
SAANR_FOURRAGE_2;2002;FR;METRO;NR93;...;Cultures développées;3.11.1.12;Maïs fourrage et ensilage (plante entière) non irrigué;Groupe d'indicateurs;050.07;Superficie concernée;336;OUI
SAANR_FOURRAGE_2;2002;FR;METRO;NR93;...;Cultures développées;3.11.1.12;Maïs fourrage et ensilage (plante entière) non irrigué;Groupe d'indicateurs;070.02;Rendement matière sèche;126.4;OUI
SAANR_FOURRAGE_2;2002;FR;METRO;NR93;...;Cultures développées;3.11.9;Autres fourrages annuels, n.c.a.;Groupe d'indicateurs;020.08;Production séche (volume);121585;OUI
SAANR_FOURRAGE_2;2002;FR;METRO;NR93;...;Cultures développées;3.11.9;Autres fourrages annuels, n.c.a.;Groupe d'indicateurs;050.07;Superficie concernée;1965;OUI
SAANR_FOURRAGE_2;2002;FR;METRO;NR93;...;Cultures développées;3.12;Prairies non permanentes et STH;Groupe d'indicateurs;020.08;Production séche (volume);7486572;OUI
SAANR_FOURRAGE_2;2002;FR;METRO;NR93;...;Cultures développées;3.12;Prairies non permanentes et STH;Groupe d'indicateurs;050.07;Superficie concernée;566329;OUI
SAANR_FOURRAGE_2;2002;FR;METRO;NR93;...;Cultures développées;3.12;Prairies non permanentes et STH;Groupe d'indicateurs;070.02;Rendement matière sèche;13.2;OUI
SAANR_FOURRAGE_2;2002;FR;METRO;NR93;...;Cultures développées;3.12.1;Prairies non permanentes;Groupe d'indicateurs;020.08;Production séche (volume);3022238;OUI
SAANR_FOURRAGE_2;2002;FR;METRO;NR93;...;Cultures développées;3.12.1;Prairies non permanentes;Groupe d'indicateurs;050.07;Superficie concernée;43222;OUI
SAANR_FOURRAGE_2;2002;FR;METRO;NR93;...;Cultures développées;3.12.1;Prairies non permanentes;Groupe d'indicateurs;070.02;Rendement matière sèche;69.9;OUI
SAANR_FOURRAGE_2;2002;FR;METRO;NR93;...;Cultures développées;3.12.1.11;Prairie artificielle (luzerne, trèfle violet, ...);Groupe d'indicateurs;020.08;Production séche (volume);1837705;OUI
SAANR_FOURRAGE_2;2002;FR;METRO;NR93;...;Cultures développées;3.12.1.11;Prairie artificielle (luzerne, trèfle violet, ...);Groupe d'indicateurs;050.07;Superficie concernée;24439;OUI
SAANR_FOURRAGE_2;2002;FR;METRO;NR93;...;Cultures développées;3.12.1.11;Prairie artificielle (luzerne, trèfle violet, ...);Groupe d'indicateurs;070.02;Rendement matière sèche;75.2;OUI
SAANR_FOURRAGE_2;2002;FR;METRO;NR93;...;Cultures développées;3.12.1.11.2;Autres prairies artificielles;Groupe d'indicateurs;020.08;Production séche (volume);1837705;OUI
SAANR_FOURRAGE_2;2002;FR;METRO;NR93;...;Cultures développées;3.12.1.11.2;Autres prairies artificielles;Groupe d'indicateurs;050.07;Superficie concernée;24439;OUI
SAANR_FOURRAGE_2;2002;FR;METRO;NR93;...;Cultures développées;3.12.1.11.2;Autres prairies artificielles;Groupe d'indicateurs;070.02;Rendement matière sèche;75.2;OUI
SAANR_FOURRAGE_2;2002;FR;METRO;NR93;...;Cultures développées;3.12.1.12;Prairies temporaires;Groupe d'indicateurs;020.08;Production séche (volume);1184533;OUI
SAANR_FOURRAGE_2;2002;FR;METRO;NR93;...;Cultures développées;3.12.1.12;Prairies temporaires;Groupe d'indicateurs;050.07;Superficie concernée;18783;OUI
SAANR_FOURRAGE_2;2002;FR;METRO;NR93;...;Cultures développées;3.12.1.12;Prairies temporaires;Groupe d'indicateurs;070.02;Rendement matière sèche;63.1;OUI
SAANR_FOURRAGE_2;2002;FR;METRO;NR93;...;Cultures développées;3.12.2;Superficie toujours en herbe (STH);Groupe d'indicateurs;020.08;Production séche (volume);4464334;OUI
SAANR_FOURRAGE_2;2002;FR;METRO;NR93;...;Cultures développées;3.12.2;Superficie toujours en herbe (STH);Groupe d'indicateurs;050.07;Superficie concernée;523107;OUI
SAANR_FOURRAGE_2;2002;FR;METRO;NR93;...;Cultures développées;3.12.2;Superficie toujours en herbe (STH);Groupe d'indicateurs;070.02;Rendement matière sèche;8.5;OUI
SAANR_FOURRAGE_2;2002;FR;METRO;NR93;...;Cultures développées;3.12.2.11;Prairies naturelles ou semées depuis plus de 6 ans;Groupe d'indicateurs;020.08;Production séche (volume);1312830;OUI
SAANR_FOURRAGE_2;2002;FR;METRO;NR93;...;Cultures développées;3.12.2.11;Prairies naturelles ou semées depuis plus de 6 ans;Groupe d'indicateurs;050.07;Superficie concernée;35633;OUI
SAANR_FOURRAGE_2;2002;FR;METRO;NR93;...;Cultures développées;3.12.2.11;Prairies naturelles ou semées depuis plus de 6 ans;Groupe d'indicateurs;070.02;Rendement matière sèche;36.8;OUI
SAANR_FOURRAGE_2;2002;FR;METRO;NR93;...;Cultures développées;3.12.2.12;STH (Superficies toujours en herbe) peu productives (pâturages pauvres);Groupe d'indicateurs;020.08;Production séche (volume);3151504;OUI
SAANR_FOURRAGE_2;2002;FR;METRO;NR93;...;Cultures développées;3.12.2.12;STH (Superficies toujours en herbe) peu productives (pâturages pauvres);Groupe d'indicateurs;050.07;Superficie concernée;487474;OUI
SAANR_FOURRAGE_2;2002;FR;METRO;NR93;...;Cultures développées;3.12.2.12;STH (Superficies toujours en herbe) peu productives (pâturages pauvres);Groupe d'indicateurs;070.02;Rendement matière sèche;6.5;OUI
SAANR_FOURRAGE_2;2002;FR;METRO;NR94;...;Cultures développées;3;Fourrages annuels, prairies non permanentes et STH;Groupe d'indicateurs;020.08;Production séche (volume);2112165;OUI
SAANR_FOURRAGE_2;2002;FR;METRO;NR94;...;Cultures développées;3;Fourrages annuels, prairies non permanentes et STH;Groupe d'indicateurs;050.07;Superficie concernée;270206;OUI
SAANR_FOURRAGE_2;2002;FR;METRO;NR94;...;Cultures développées;3;Fourrages annuels, prairies non permanentes et STH;Groupe d'indicateurs;070.02;Rendement matière sèche;;OUI
SAANR_FOURRAGE_2;2002;FR;METRO;NR94;...;Cultures développées;3.11;Fourrages annuels;Groupe d'indicateurs;020.08;Production séche (volume);43220;OUI
SAANR_FOURRAGE_2;2002;FR;METRO;NR94;...;Cultures développées;3.11;Fourrages annuels;Groupe d'indicateurs;050.07;Superficie concernée;1014;OUI
SAANR_FOURRAGE_2;2002;FR;METRO;NR94;...;Cultures développées;3.11;Fourrages annuels;Groupe d'indicateurs;070.02;Rendement matière sèche;;OUI
SAANR_FOURRAGE_2;2002;FR;METRO;NR94;...;Cultures développées;3.11.1;Maïs fourrage et ensilage (plante entière);Groupe d'indicateurs;020.08;Production séche (volume);5650;OUI
SAANR_FOURRAGE_2;2002;FR;METRO;NR94;...;Cultures développées;3.11.1;Maïs fourrage et ensilage (plante entière);Groupe d'indicateurs;050.07;Superficie concernée;62;OUI
SAANR_FOURRAGE_2;2002;FR;METRO;NR94;...;Cultures développées;3.11.1;Maïs fourrage et ensilage (plante entière);Groupe d'indicateurs;070.02;Rendement matière sèche;91.1;OUI
SAANR_FOURRAGE_2;2002;FR;METRO;NR94;...;Cultures développées;3.11.1.12;Maïs fourrage et ensilage (plante entière) non irrigué;Groupe d'indicateurs;020.08;Production séche (volume);5650;OUI
SAANR_FOURRAGE_2;2002;FR;METRO;NR94;...;Cultures développées;3.11.1.12;Maïs fourrage et ensilage (plante entière) non irrigué;Groupe d'indicateurs;050.07;Superficie concernée;62;OUI
SAANR_FOURRAGE_2;2002;FR;METRO;NR94;...;Cultures développées;3.11.1.12;Maïs fourrage et ensilage (plante entière) non irrigué;Groupe d'indicateurs;070.02;Rendement matière sèche;91.1;OUI
SAANR_FOURRAGE_2;2002;FR;METRO;NR94;...;Cultures développées;3.11.9;Autres fourrages annuels, n.c.a.;Groupe d'indicateurs;020.08;Production séche (volume);37570;OUI
SAANR_FOURRAGE_2;2002;FR;METRO;NR94;...;Cultures développées;3.11.9;Autres fourrages annuels, n.c.a.;Groupe d'indicateurs;050.07;Superficie concernée;952;OUI
SAANR_FOURRAGE_2;2002;FR;METRO;NR94;...;Cultures développées;3.12;Prairies non permanentes et STH;Groupe d'indicateurs;020.08;Production séche (volume);2068945;OUI
SAANR_FOURRAGE_2;2002;FR;METRO;NR94;...;Cultures développées;3.12;Prairies non permanentes et STH;Groupe d'indicateurs;050.07;Superficie concernée;269192;OUI
SAANR_FOURRAGE_2;2002;FR;METRO;NR94;...;Cultures développées;3.12;Prairies non permanentes et STH;Groupe d'indicateurs;070.02;Rendement matière sèche;7.7;OUI
SAANR_FOURRAGE_2;2002;FR;METRO;NR94;...;Cultures développées;3.12.1;Prairies non permanentes;Groupe d'indicateurs;020.08;Production séche (volume);395710;OUI
SAANR_FOURRAGE_2;2002;FR;METRO;NR94;...;Cultures développées;3.12.1;Prairies non permanentes;Groupe d'indicateurs;050.07;Superficie concernée;6344;OUI
SAANR_FOURRAGE_2;2002;FR;METRO;NR94;...;Cultures développées;3.12.1;Prairies non permanentes;Groupe d'indicateurs;070.02;Rendement matière sèche;62.4;OUI
SAANR_FOURRAGE_2;2002;FR;METRO;NR94;...;Cultures développées;3.12.1.11;Prairie artificielle (luzerne, trèfle violet, ...);Groupe d'indicateurs;020.08;Production séche (volume);217678;OUI
SAANR_FOURRAGE_2;2002;FR;METRO;NR94;...;Cultures développées;3.12.1.11;Prairie artificielle (luzerne, trèfle violet, ...);Groupe d'indicateurs;050.07;Superficie concernée;3124;OUI
SAANR_FOURRAGE_2;2002;FR;METRO;NR94;...;Cultures développées;3.12.1.11;Prairie artificielle (luzerne, trèfle violet, ...);Groupe d'indicateurs;070.02;Rendement matière sèche;69.7;OUI
SAANR_FOURRAGE_2;2002;FR;METRO;NR94;...;Cultures développées;3.12.1.11.1;Luzerne pour déhydratation;Groupe d'indicateurs;050.07;Superficie concernée;0;OUI
SAANR_FOURRAGE_2;2002;FR;METRO;NR94;...;Cultures développées;3.12.1.11.2;Autres prairies artificielles;Groupe d'indicateurs;020.08;Production séche (volume);217678;OUI
SAANR_FOURRAGE_2;2002;FR;METRO;NR94;...;Cultures développées;3.12.1.11.2;Autres prairies artificielles;Groupe d'indicateurs;050.07;Superficie concernée;3124;OUI
SAANR_FOURRAGE_2;2002;FR;METRO;NR94;...;Cultures développées;3.12.1.11.2;Autres prairies artificielles;Groupe d'indicateurs;070.02;Rendement matière sèche;69.7;OUI
SAANR_FOURRAGE_2;2002;FR;METRO;NR94;...;Cultures développées;3.12.1.12;Prairies temporaires;Groupe d'indicateurs;020.08;Production séche (volume);178032;OUI
SAANR_FOURRAGE_2;2002;FR;METRO;NR94;...;Cultures développées;3.12.1.12;Prairies temporaires;Groupe d'indicateurs;050.07;Superficie concernée;3220;OUI
SAANR_FOURRAGE_2;2002;FR;METRO;NR94;...;Cultures développées;3.12.1.12;Prairies temporaires;Groupe d'indicateurs;070.02;Rendement matière sèche;55.3;OUI
SAANR_FOURRAGE_2;2002;FR;METRO;NR94;...;Cultures développées;3.12.2;Superficie toujours en herbe (STH);Groupe d'indicateurs;020.08;Production séche (volume);1673235;OUI
SAANR_FOURRAGE_2;2002;FR;METRO;NR94;...;Cultures développées;3.12.2;Superficie toujours en herbe (STH);Groupe d'indicateurs;050.07;Superficie concernée;262848;OUI
SAANR_FOURRAGE_2;2002;FR;METRO;NR94;...;Cultures développées;3.12.2;Superficie toujours en herbe (STH);Groupe d'indicateurs;070.02;Rendement matière sèche;6.4;OUI
SAANR_FOURRAGE_2;2002;FR;METRO;NR94;...;Cultures développées;3.12.2.11;Prairies naturelles ou semées depuis plus de 6 ans;Groupe d'indicateurs;020.08;Production séche (volume);662960;OUI
SAANR_FOURRAGE_2;2002;FR;METRO;NR94;...;Cultures développées;3.12.2.11;Prairies naturelles ou semées depuis plus de 6 ans;Groupe d'indicateurs;050.07;Superficie concernée;33468;OUI
SAANR_FOURRAGE_2;2002;FR;METRO;NR94;...;Cultures développées;3.12.2.11;Prairies naturelles ou semées depuis plus de 6 ans;Groupe d'indicateurs;070.02;Rendement matière sèche;19.8;OUI
SAANR_FOURRAGE_2;2002;FR;METRO;NR94;...;Cultures développées;3.12.2.12;STH (Superficies toujours en herbe) peu productives (pâturages pauvres);Groupe d'indicateurs;020.08;Production séche (volume);1010275;OUI
SAANR_FOURRAGE_2;2002;FR;METRO;NR94;...;Cultures développées;3.12.2.12;STH (Superficies toujours en herbe) peu productives (pâturages pauvres);Groupe d'indicateurs;050.07;Superficie concernée;229380;OUI
SAANR_FOURRAGE_2;2002;FR;METRO;NR94;...;Cultures développées;3.12.2.12;STH (Superficies toujours en herbe) peu productives (pâturages pauvres);Groupe d'indicateurs;070.02;Rendement matière sèche;4.4;OUI
SAANR_FOURRAGE_2;2002;FR;DOM;...;...;Cultures développées;3;Fourrages annuels, prairies non permanentes et STH;Groupe d'indicateurs;050.07;Superficie concernée;50573;OUI
SAANR_FOURRAGE_2;2002;FR;DOM;...;...;Cultures développées;3.11;Fourrages annuels;Groupe d'indicateurs;050.07;Superficie concernée;385;OUI
SAANR_FOURRAGE_2;2002;FR;DOM;...;...;Cultures développées;3.11.1;Maïs fourrage et ensilage (plante entière);Groupe d'indicateurs;050.07;Superficie concernée;366;OUI
SAANR_FOURRAGE_2;2002;FR;DOM;...;...;Cultures développées;3.11.1.12;Maïs fourrage et ensilage (plante entière) non irrigué;Groupe d'indicateurs;050.07;Superficie concernée;366;OUI
SAANR_FOURRAGE_2;2002;FR;DOM;...;...;Cultures développées;3.11.9;Autres fourrages annuels, n.c.a.;Groupe d'indicateurs;050.07;Superficie concernée;19;OUI
SAANR_FOURRAGE_2;2002;FR;DOM;...;...;Cultures développées;3.12;Prairies non permanentes et STH;Groupe d'indicateurs;050.07;Superficie concernée;50188;OUI
SAANR_FOURRAGE_2;2002;FR;DOM;...;...;Cultures développées;3.12.1;Prairies non permanentes;Groupe d'indicateurs;050.07;Superficie concernée;1363;OUI
SAANR_FOURRAGE_2;2002;FR;DOM;...;...;Cultures développées;3.12.1.11;Prairie artificielle (luzerne, trèfle violet, ...);Groupe d'indicateurs;050.07;Superficie concernée;0;OUI
SAANR_FOURRAGE_2;2002;FR;DOM;...;...;Cultures développées;3.12.1.11.2;Autres prairies artificielles;Groupe d'indicateurs;050.07;Superficie concernée;0;OUI
SAANR_FOURRAGE_2;2002;FR;DOM;...;...;Cultures développées;3.12.1.12;Prairies temporaires;Groupe d'indicateurs;050.07;Superficie concernée;1363;OUI
SAANR_FOURRAGE_2;2002;FR;DOM;...;...;Cultures développées;3.12.2;Superficie toujours en herbe (STH);Groupe d'indicateurs;050.07;Superficie concernée;48825;OUI
SAANR_FOURRAGE_2;2002;FR;DOM;...;...;Cultures développées;3.12.2.11;Prairies naturelles ou semées depuis plus de 6 ans;Groupe d'indicateurs;050.07;Superficie concernée;33878;OUI
SAANR_FOURRAGE_2;2002;FR;DOM;...;...;Cultures développées;3.12.2.12;STH (Superficies toujours en herbe) peu productives (pâturages pauvres);Groupe d'indicateurs;050.07;Superficie concernée;14947;OUI
SAANR_FOURRAGE_2;2002;FR;METRO;...;...;Cultures développées;3;Fourrages annuels, prairies non permanentes et STH;Groupe d'indicateurs;020.08;Production séche (volume);885777213;OUI
SAANR_FOURRAGE_2;2002;FR;METRO;...;...;Cultures développées;3;Fourrages annuels, prairies non permanentes et STH;Groupe d'indicateurs;050.07;Superficie concernée;14741433;OUI
SAANR_FOURRAGE_2;2002;FR;METRO;...;...;Cultures développées;3;Fourrages annuels, prairies non permanentes et STH;Groupe d'indicateurs;070.02;Rendement matière sèche;;OUI
SAANR_FOURRAGE_2;2002;FR;METRO;...;...;Cultures développées;3.11;Fourrages annuels;Groupe d'indicateurs;020.08;Production séche (volume);195696454;OUI
SAANR_FOURRAGE_2;2002;FR;METRO;...;...;Cultures développées;3.11;Fourrages annuels;Groupe d'indicateurs;050.07;Superficie concernée;1695097;OUI
SAANR_FOURRAGE_2;2002;FR;METRO;...;...;Cultures développées;3.11;Fourrages annuels;Groupe d'indicateurs;070.02;Rendement matière sèche;;OUI
SAANR_FOURRAGE_2;2002;FR;METRO;...;...;Cultures développées;3.11.1;Maïs fourrage et ensilage (plante entière);Groupe d'indicateurs;020.08;Production séche (volume);180129525;OUI
SAANR_FOURRAGE_2;2002;FR;METRO;...;...;Cultures développées;3.11.1;Maïs fourrage et ensilage (plante entière);Groupe d'indicateurs;050.07;Superficie concernée;1402468;OUI
SAANR_FOURRAGE_2;2002;FR;METRO;...;...;Cultures développées;3.11.1;Maïs fourrage et ensilage (plante entière);Groupe d'indicateurs;070.02;Rendement matière sèche;128.4;OUI
SAANR_FOURRAGE_2;2002;FR;METRO;...;...;Cultures développées;3.11.1.12;Maïs fourrage et ensilage (plante entière) non irrigué;Groupe d'indicateurs;020.08;Production séche (volume);180129525;OUI
SAANR_FOURRAGE_2;2002;FR;METRO;...;...;Cultures développées;3.11.1.12;Maïs fourrage et ensilage (plante entière) non irrigué;Groupe d'indicateurs;050.07;Superficie concernée;1402468;OUI
SAANR_FOURRAGE_2;2002;FR;METRO;...;...;Cultures développées;3.11.1.12;Maïs fourrage et ensilage (plante entière) non irrigué;Groupe d'indicateurs;070.02;Rendement matière sèche;128.4;OUI
SAANR_FOURRAGE_2;2002;FR;METRO;...;...;Cultures développées;3.11.9;Autres fourrages annuels, n.c.a.;Groupe d'indicateurs;020.08;Production séche (volume);15566929;OUI
SAANR_FOURRAGE_2;2002;FR;METRO;...;...;Cultures développées;3.11.9;Autres fourrages annuels, n.c.a.;Groupe d'indicateurs;050.07;Superficie concernée;292629;OUI
SAANR_FOURRAGE_2;2002;FR;METRO;...;...;Cultures développées;3.12;Prairies non permanentes et STH;Groupe d'indicateurs;020.08;Production séche (volume);690080759;OUI
SAANR_FOURRAGE_2;2002;FR;METRO;...;...;Cultures développées;3.12;Prairies non permanentes et STH;Groupe d'indicateurs;050.07;Superficie concernée;13046336;OUI
SAANR_FOURRAGE_2;2002;FR;METRO;...;...;Cultures développées;3.12;Prairies non permanentes et STH;Groupe d'indicateurs;070.02;Rendement matière sèche;52.9;OUI
SAANR_FOURRAGE_2;2002;FR;METRO;...;...;Cultures développées;3.12.1;Prairies non permanentes;Groupe d'indicateurs;020.08;Production séche (volume);242940627;OUI
SAANR_FOURRAGE_2;2002;FR;METRO;...;...;Cultures développées;3.12.1;Prairies non permanentes;Groupe d'indicateurs;050.07;Superficie concernée;3092181;OUI
SAANR_FOURRAGE_2;2002;FR;METRO;...;...;Cultures développées;3.12.1;Prairies non permanentes;Groupe d'indicateurs;070.02;Rendement matière sèche;78.6;OUI
SAANR_FOURRAGE_2;2002;FR;METRO;...;...;Cultures développées;3.12.1.11;Prairie artificielle (luzerne, trèfle violet, ...);Groupe d'indicateurs;020.08;Production séche (volume);32941314;OUI
SAANR_FOURRAGE_2;2002;FR;METRO;...;...;Cultures développées;3.12.1.11;Prairie artificielle (luzerne, trèfle violet, ...);Groupe d'indicateurs;050.07;Superficie concernée;363827;OUI
SAANR_FOURRAGE_2;2002;FR;METRO;...;...;Cultures développées;3.12.1.11;Prairie artificielle (luzerne, trèfle violet, ...);Groupe d'indicateurs;070.02;Rendement matière sèche;90.5;OUI
SAANR_FOURRAGE_2;2002;FR;METRO;...;...;Cultures développées;3.12.1.11.1;Luzerne pour déhydratation;Groupe d'indicateurs;050.07;Superficie concernée;0;OUI
SAANR_FOURRAGE_2;2002;FR;METRO;...;...;Cultures développées;3.12.1.11.2;Autres prairies artificielles;Groupe d'indicateurs;020.08;Production séche (volume);32941314;OUI
SAANR_FOURRAGE_2;2002;FR;METRO;...;...;Cultures développées;3.12.1.11.2;Autres prairies artificielles;Groupe d'indicateurs;050.07;Superficie concernée;363827;OUI
SAANR_FOURRAGE_2;2002;FR;METRO;...;...;Cultures développées;3.12.1.11.2;Autres prairies artificielles;Groupe d'indicateurs;070.02;Rendement matière sèche;90.5;OUI
SAANR_FOURRAGE_2;2002;FR;METRO;...;...;Cultures développées;3.12.1.12;Prairies temporaires;Groupe d'indicateurs;020.08;Production séche (volume);209999313;OUI
SAANR_FOURRAGE_2;2002;FR;METRO;...;...;Cultures développées;3.12.1.12;Prairies temporaires;Groupe d'indicateurs;050.07;Superficie concernée;2728354;OUI
SAANR_FOURRAGE_2;2002;FR;METRO;...;...;Cultures développées;3.12.1.12;Prairies temporaires;Groupe d'indicateurs;070.02;Rendement matière sèche;77;OUI
SAANR_FOURRAGE_2;2002;FR;METRO;...;...;Cultures développées;3.12.2;Superficie toujours en herbe (STH);Groupe d'indicateurs;020.08;Production séche (volume);447140132;OUI
SAANR_FOURRAGE_2;2002;FR;METRO;...;...;Cultures développées;3.12.2;Superficie toujours en herbe (STH);Groupe d'indicateurs;050.07;Superficie concernée;9954155;OUI
SAANR_FOURRAGE_2;2002;FR;METRO;...;...;Cultures développées;3.12.2;Superficie toujours en herbe (STH);Groupe d'indicateurs;070.02;Rendement matière sèche;44.9;OUI
SAANR_FOURRAGE_2;2002;FR;METRO;...;...;Cultures développées;3.12.2.11;Prairies naturelles ou semées depuis plus de 6 ans;Groupe d'indicateurs;020.08;Production séche (volume);412176389;OUI
SAANR_FOURRAGE_2;2002;FR;METRO;...;...;Cultures développées;3.12.2.11;Prairies naturelles ou semées depuis plus de 6 ans;Groupe d'indicateurs;050.07;Superficie concernée;7568087;OUI
SAANR_FOURRAGE_2;2002;FR;METRO;...;...;Cultures développées;3.12.2.11;Prairies naturelles ou semées depuis plus de 6 ans;Groupe d'indicateurs;070.02;Rendement matière sèche;54.5;OUI
SAANR_FOURRAGE_2;2002;FR;METRO;...;...;Cultures développées;3.12.2.12;STH (Superficies toujours en herbe) peu productives (pâturages pauvres);Groupe d'indicateurs;020.08;Production séche (volume);34963743;OUI
SAANR_FOURRAGE_2;2002;FR;METRO;...;...;Cultures développées;3.12.2.12;STH (Superficies toujours en herbe) peu productives (pâturages pauvres);Groupe d'indicateurs;050.07;Superficie concernée;2386068;OUI
SAANR_FOURRAGE_2;2002;FR;METRO;...;...;Cultures développées;3.12.2.12;STH (Superficies toujours en herbe) peu productives (pâturages pauvres);Groupe d'indicateurs;070.02;Rendement matière sèche;14.7;OUI
SAANR_FOURRAGE_2;2002;FR;...;...;...;Cultures développées;3;Fourrages annuels, prairies non permanentes et STH;Groupe d'indicateurs;020.08;Production séche (volume);885777213;OUI
SAANR_FOURRAGE_2;2002;FR;...;...;...;Cultures développées;3;Fourrages annuels, prairies non permanentes et STH;Groupe d'indicateurs;050.07;Superficie concernée;14792006;OUI
SAANR_FOURRAGE_2;2002;FR;...;...;...;Cultures développées;3;Fourrages annuels, prairies non permanentes et STH;Groupe d'indicateurs;070.02;Rendement matière sèche;;OUI
SAANR_FOURRAGE_2;2002;FR;...;...;...;Cultures développées;3.11;Fourrages annuels;Groupe d'indicateurs;020.08;Production séche (volume);195696454;OUI
SAANR_FOURRAGE_2;2002;FR;...;...;...;Cultures développées;3.11;Fourrages annuels;Groupe d'indicateurs;050.07;Superficie concernée;1695482;OUI
SAANR_FOURRAGE_2;2002;FR;...;...;...;Cultures développées;3.11;Fourrages annuels;Groupe d'indicateurs;070.02;Rendement matière sèche;;OUI
SAANR_FOURRAGE_2;2002;FR;...;...;...;Cultures développées;3.11.1;Maïs fourrage et ensilage (plante entière);Groupe d'indicateurs;020.08;Production séche (volume);180129525;OUI
SAANR_FOURRAGE_2;2002;FR;...;...;...;Cultures développées;3.11.1;Maïs fourrage et ensilage (plante entière);Groupe d'indicateurs;050.07;Superficie concernée;1402834;OUI
SAANR_FOURRAGE_2;2002;FR;...;...;...;Cultures développées;3.11.1;Maïs fourrage et ensilage (plante entière);Groupe d'indicateurs;070.02;Rendement matière sèche;128.4;OUI
SAANR_FOURRAGE_2;2002;FR;...;...;...;Cultures développées;3.11.1.12;Maïs fourrage et ensilage (plante entière) non irrigué;Groupe d'indicateurs;020.08;Production séche (volume);180129525;OUI
SAANR_FOURRAGE_2;2002;FR;...;...;...;Cultures développées;3.11.1.12;Maïs fourrage et ensilage (plante entière) non irrigué;Groupe d'indicateurs;050.07;Superficie concernée;1402834;OUI
SAANR_FOURRAGE_2;2002;FR;...;...;...;Cultures développées;3.11.1.12;Maïs fourrage et ensilage (plante entière) non irrigué;Groupe d'indicateurs;070.02;Rendement matière sèche;128.4;OUI
SAANR_FOURRAGE_2;2002;FR;...;...;...;Cultures développées;3.11.9;Autres fourrages annuels, n.c.a.;Groupe d'indicateurs;020.08;Production séche (volume);15566929;OUI
SAANR_FOURRAGE_2;2002;FR;...;...;...;Cultures développées;3.11.9;Autres fourrages annuels, n.c.a.;Groupe d'indicateurs;050.07;Superficie concernée;292648;OUI
SAANR_FOURRAGE_2;2002;FR;...;...;...;Cultures développées;3.12;Prairies non permanentes et STH;Groupe d'indicateurs;020.08;Production séche (volume);690080759;OUI
SAANR_FOURRAGE_2;2002;FR;...;...;...;Cultures développées;3.12;Prairies non permanentes et STH;Groupe d'indicateurs;050.07;Superficie concernée;13096524;OUI
SAANR_FOURRAGE_2;2002;FR;...;...;...;Cultures développées;3.12;Prairies non permanentes et STH;Groupe d'indicateurs;070.02;Rendement matière sèche;52.9;OUI
SAANR_FOURRAGE_2;2002;FR;...;...;...;Cultures développées;3.12.1;Prairies non permanentes;Groupe d'indicateurs;020.08;Production séche (volume);242940627;OUI
SAANR_FOURRAGE_2;2002;FR;...;...;...;Cultures développées;3.12.1;Prairies non permanentes;Groupe d'indicateurs;050.07;Superficie concernée;3093544;OUI
SAANR_FOURRAGE_2;2002;FR;...;...;...;Cultures développées;3.12.1;Prairies non permanentes;Groupe d'indicateurs;070.02;Rendement matière sèche;78.6;OUI
SAANR_FOURRAGE_2;2002;FR;...;...;...;Cultures développées;3.12.1.11;Prairie artificielle (luzerne, trèfle violet, ...);Groupe d'indicateurs;020.08;Production séche (volume);32941314;OUI
SAANR_FOURRAGE_2;2002;FR;...;...;...;Cultures développées;3.12.1.11;Prairie artificielle (luzerne, trèfle violet, ...);Groupe d'indicateurs;050.07;Superficie concernée;363827;OUI
SAANR_FOURRAGE_2;2002;FR;...;...;...;Cultures développées;3.12.1.11;Prairie artificielle (luzerne, trèfle violet, ...);Groupe d'indicateurs;070.02;Rendement matière sèche;90.5;OUI
SAANR_FOURRAGE_2;2002;FR;...;...;...;Cultures développées;3.12.1.11.1;Luzerne pour déhydratation;Groupe d'indicateurs;050.07;Superficie concernée;0;OUI
SAANR_FOURRAGE_2;2002;FR;...;...;...;Cultures développées;3.12.1.11.2;Autres prairies artificielles;Groupe d'indicateurs;020.08;Production séche (volume);32941314;OUI
SAANR_FOURRAGE_2;2002;FR;...;...;...;Cultures développées;3.12.1.11.2;Autres prairies artificielles;Groupe d'indicateurs;050.07;Superficie concernée;363827;OUI
SAANR_FOURRAGE_2;2002;FR;...;...;...;Cultures développées;3.12.1.11.2;Autres prairies artificielles;Groupe d'indicateurs;070.02;Rendement matière sèche;90.5;OUI
SAANR_FOURRAGE_2;2002;FR;...;...;...;Cultures développées;3.12.1.12;Prairies temporaires;Groupe d'indicateurs;020.08;Production séche (volume);209999313;OUI
SAANR_FOURRAGE_2;2002;FR;...;...;...;Cultures développées;3.12.1.12;Prairies temporaires;Groupe d'indicateurs;050.07;Superficie concernée;2729717;OUI
SAANR_FOURRAGE_2;2002;FR;...;...;...;Cultures développées;3.12.1.12;Prairies temporaires;Groupe d'indicateurs;070.02;Rendement matière sèche;77;OUI
SAANR_FOURRAGE_2;2002;FR;...;...;...;Cultures développées;3.12.2;Superficie toujours en herbe (STH);Groupe d'indicateurs;020.08;Production séche (volume);447140132;OUI
SAANR_FOURRAGE_2;2002;FR;...;...;...;Cultures développées;3.12.2;Superficie toujours en herbe (STH);Groupe d'indicateurs;050.07;Superficie concernée;10002980;OUI
SAANR_FOURRAGE_2;2002;FR;...;...;...;Cultures développées;3.12.2;Superficie toujours en herbe (STH);Groupe d'indicateurs;070.02;Rendement matière sèche;44.9;OUI
SAANR_FOURRAGE_2;2002;FR;...;...;...;Cultures développées;3.12.2.11;Prairies naturelles ou semées depuis plus de 6 ans;Groupe d'indicateurs;020.08;Production séche (volume);412176389;OUI
SAANR_FOURRAGE_2;2002;FR;...;...;...;Cultures développées;3.12.2.11;Prairies naturelles ou semées depuis plus de 6 ans;Groupe d'indicateurs;050.07;Superficie concernée;7601965;OUI
SAANR_FOURRAGE_2;2002;FR;...;...;...;Cultures développées;3.12.2.11;Prairies naturelles ou semées depuis plus de 6 ans;Groupe d'indicateurs;070.02;Rendement matière sèche;54.5;OUI
SAANR_FOURRAGE_2;2002;FR;...;...;...;Cultures développées;3.12.2.12;STH (Superficies toujours en herbe) peu productives (pâturages pauvres);Groupe d'indicateurs;020.08;Production séche (volume);34963743;OUI
SAANR_FOURRAGE_2;2002;FR;...;...;...;Cultures développées;3.12.2.12;STH (Superficies toujours en herbe) peu productives (pâturages pauvres);Groupe d'indicateurs;050.07;Superficie concernée;2401015;OUI
SAANR_FOURRAGE_2;2002;FR;...;...;...;Cultures développées;3.12.2.12;STH (Superficies toujours en herbe) peu productives (pâturages pauvres);Groupe d'indicateurs;070.02;Rendement matière sèche;14.7;OUI
